{
 "cells": [
  {
   "cell_type": "markdown",
   "metadata": {},
   "source": [
    "### Converting Poses to poses_bound.npy"
   ]
  },
  {
   "cell_type": "markdown",
   "metadata": {},
   "source": [
    "1. Make sure your poses are in camera-to-world format, not world-to-camera.\n",
    "2. Make sure your rotation matrices have the columns in the correct coordinate frame [down, right, backwards].\n",
    "3. Concatenate each pose with the [height, width, focal] intrinsics vector to get a 3x5 matrix.\n",
    "4. Flatten each of those into 15 elements and concatenate the close and far depths.\n",
    "5. Stack the 17-d vectors to get a Nx17 matrix and use np.save to store it as poses_bounds.npy in the scene's base directory (same level containing the images/ directory)."
   ]
  },
  {
   "cell_type": "code",
   "execution_count": null,
   "metadata": {},
   "outputs": [],
   "source": [
    "from scipy.io import loadmat\n",
    "from numpy.linalg import inv\n",
    "import numpy as np\n",
    "poses = loadmat('Calib_Results.mat')\n",
    "print(poses)\n"
   ]
  },
  {
   "cell_type": "code",
   "execution_count": null,
   "metadata": {},
   "outputs": [],
   "source": [
    "KK = poses['KK']\n",
    "print(KK)"
   ]
  },
  {
   "cell_type": "markdown",
   "metadata": {},
   "source": [
    "### Step 1"
   ]
  },
  {
   "cell_type": "code",
   "execution_count": null,
   "metadata": {},
   "outputs": [],
   "source": [
    "Rc_1 = poses['Rc_1']\n",
    "print(Rc_1)"
   ]
  },
  {
   "cell_type": "code",
   "execution_count": null,
   "metadata": {},
   "outputs": [],
   "source": [
    "Tc_1 = poses['Tc_1']\n",
    "print(Tc_1)"
   ]
  },
  {
   "cell_type": "code",
   "execution_count": null,
   "metadata": {},
   "outputs": [],
   "source": [
    "T_w2c_1 = Rc_1\n",
    "T_w2c_1 = np.append(T_w2c_1, Tc_1, axis = 1)\n",
    "\n",
    "T_w2c_1 = np.append(T_w2c_1, np.transpose([[0],[0],[0],[1]]), axis = 0)\n",
    "print(T_w2c_1)\n",
    "\n",
    "T_c2w_1 = inv(T_w2c_1)\n",
    "print('Inverse')\n",
    "print(T_c2w_1)\n",
    "\n",
    "T_c2w_1 = T_c2w_1[0:3,:]\n",
    "print('Final....')\n",
    "print(T_c2w_1)"
   ]
  },
  {
   "cell_type": "markdown",
   "metadata": {},
   "source": [
    "### Step 2"
   ]
  },
  {
   "cell_type": "code",
   "execution_count": null,
   "metadata": {},
   "outputs": [],
   "source": [
    "rot_mat = np.array([[0, -1, 0, 0],\n",
    "           [1, 0, 0, 0],\n",
    "           [0, 0, 1, 0],\n",
    "           [0, 0, 0, 1]])\n",
    "rot_T_c2w_1 = np.matmul(T_c2w_1, rot_mat)\n",
    "print('Final rotated matrix....')\n",
    "print(rot_T_c2w_1)"
   ]
  },
  {
   "cell_type": "markdown",
   "metadata": {},
   "source": [
    "### Step 3"
   ]
  },
  {
   "cell_type": "code",
   "execution_count": null,
   "metadata": {},
   "outputs": [],
   "source": [
    "# [height, width, focal]\n",
    "\n",
    "focal = (KK[0][0]+KK[1][1])/2.0\n",
    "print('Focal')\n",
    "print(focal)\n",
    "\n",
    "height = KK[1][2]*2.0\n",
    "print('Height')\n",
    "print(height)\n",
    "\n",
    "width = KK[0][2]*2.0\n",
    "print('Width')\n",
    "print(width)\n",
    "\n",
    "intrinsics = [height, width, focal]\n",
    "print('Intrinsics')\n",
    "print(intrinsics)"
   ]
  },
  {
   "cell_type": "code",
   "execution_count": null,
   "metadata": {},
   "outputs": [],
   "source": [
    "rot_T_c2w_1 = rot_T_c2w_1.flatten()\n",
    "print('Flatten')\n",
    "print(rot_T_c2w_1)\n",
    "\n",
    "poses_bound = np.append(rot_T_c2w_1, intrinsics)\n",
    "print('Poses mat unfinished...')\n",
    "print(poses_bound)"
   ]
  },
  {
   "cell_type": "markdown",
   "metadata": {},
   "source": [
    "### Step 4"
   ]
  },
  {
   "cell_type": "code",
   "execution_count": null,
   "metadata": {},
   "outputs": [],
   "source": [
    "from plyfile import PlyData, PlyElement\n",
    "\n",
    "mesh = PlyData.read('mesh_Gt.ply')\n",
    "print(mesh)"
   ]
  },
  {
   "cell_type": "code",
   "execution_count": null,
   "metadata": {},
   "outputs": [],
   "source": [
    "[F, V] = PlyData.read('mesh_Gt.ply')\n",
    "print(V)"
   ]
  },
  {
   "cell_type": "code",
   "execution_count": null,
   "metadata": {},
   "outputs": [],
   "source": [
    "print(F)"
   ]
  },
  {
   "cell_type": "code",
   "execution_count": null,
   "metadata": {},
   "outputs": [],
   "source": [
    "x = np.memmap.tolist(mesh['vertex']['x'])\n",
    "y = np.memmap.tolist(mesh['vertex']['y'])\n",
    "z = np.memmap.tolist(mesh['vertex']['z'])\n"
   ]
  },
  {
   "cell_type": "code",
   "execution_count": null,
   "metadata": {},
   "outputs": [],
   "source": [
    "print(x[0],' ',y[0],' ',z[0])\n"
   ]
  },
  {
   "cell_type": "code",
   "execution_count": null,
   "metadata": {},
   "outputs": [],
   "source": [
    "V = np.column_stack((x, y, z))\n",
    "print(V)\n",
    "\n",
    "add = np.ones(1002858)\n",
    "V = np.column_stack((V, add))\n",
    "print(V)"
   ]
  },
  {
   "cell_type": "code",
   "execution_count": null,
   "metadata": {},
   "outputs": [],
   "source": [
    "V_c = np.matmul(T_w2c_1, np.transpose(V))\n",
    "print(V_c)"
   ]
  },
  {
   "cell_type": "code",
   "execution_count": null,
   "metadata": {},
   "outputs": [],
   "source": [
    "minz = min(V_c[2])\n",
    "maxz = max(V_c[2])\n",
    "print(minz)\n",
    "print(maxz)"
   ]
  },
  {
   "cell_type": "code",
   "execution_count": null,
   "metadata": {},
   "outputs": [],
   "source": [
    "poses_bound = np.append(poses_bound, [minz, maxz])\n",
    "print('Poses matix final...')\n",
    "print(poses_bound)"
   ]
  },
  {
   "cell_type": "markdown",
   "metadata": {},
   "source": [
    "### Step 5"
   ]
  },
  {
   "cell_type": "code",
   "execution_count": null,
   "metadata": {},
   "outputs": [],
   "source": [
    "# save to npy file\n",
    "np.save('poses_bound.npy', poses_bound)\n"
   ]
  },
  {
   "cell_type": "code",
   "execution_count": null,
   "metadata": {},
   "outputs": [],
   "source": [
    "np.load('poses_bound.npy')"
   ]
  },
  {
   "cell_type": "markdown",
   "metadata": {},
   "source": [
    "## Reshuffling to match NERF order"
   ]
  },
  {
   "cell_type": "code",
   "execution_count": 9,
   "metadata": {},
   "outputs": [
    {
     "name": "stdout",
     "output_type": "stream",
     "text": [
      "{'__header__': b'MATLAB 5.0 MAT-file, Platform: PCWIN64, Created on: Thu Nov 09 17:02:54 2017', '__version__': '1.0', '__globals__': [], 'KK': array([[3.77207747e+03, 0.00000000e+00, 3.05875000e+02],\n",
      "       [0.00000000e+00, 3.75900543e+03, 2.55875000e+02],\n",
      "       [0.00000000e+00, 0.00000000e+00, 1.00000000e+00]]), 'Rc_1': array([[-0.02365614,  0.99963052, -0.01338513],\n",
      "       [ 0.45312528, -0.00121338, -0.89144604],\n",
      "       [-0.891133  , -0.027153  , -0.452929  ]]), 'Tc_1': array([[ -81.42967876],\n",
      "       [ -14.67307917],\n",
      "       [1623.334915  ]]), 'Rc_2': array([[-0.28771447,  0.95763136, -0.01275215],\n",
      "       [ 0.4368058 ,  0.11936278, -0.8916015 ],\n",
      "       [-0.852303  , -0.262097  , -0.452641  ]]), 'Tc_2': array([[ -57.55750749],\n",
      "       [ -23.56542844],\n",
      "       [1639.708698  ]]), 'Rc_3': array([[-0.57504278,  0.81803644, -0.01192571],\n",
      "       [ 0.37664138,  0.25176541, -0.89149059],\n",
      "       [-0.726269  , -0.517137  , -0.452882  ]]), 'Tc_3': array([[ -23.66517847],\n",
      "       [ -30.07418965],\n",
      "       [1651.828301  ]]), 'Rc_4': array([[-0.80731481,  0.59000692, -0.01160533],\n",
      "       [ 0.27600562,  0.36013387, -0.8911366 ],\n",
      "       [-0.521597  , -0.722631  , -0.453587  ]]), 'Tc_4': array([[  13.4243576 ],\n",
      "       [ -31.43265165],\n",
      "       [1654.741069  ]]), 'Rc_5': array([[-0.95729533,  0.28885399, -0.01220802],\n",
      "       [ 0.14172923,  0.43206563, -0.89063583],\n",
      "       [-0.251989  , -0.854332  , -0.454553  ]]), 'Tc_5': array([[  50.36713435],\n",
      "       [ -27.13299102],\n",
      "       [1646.678869  ]]), 'Rc_6': array([[-0.99989666, -0.00570123, -0.01319996],\n",
      "       [ 0.00916316,  0.45480391, -0.89054443],\n",
      "       [ 0.011081  , -0.890573  , -0.454705  ]]), 'Tc_6': array([[  78.4639604 ],\n",
      "       [ -18.82346321],\n",
      "       [1630.614779  ]]), 'Rc_7': array([[-0.94546358, -0.3254147 , -0.01427698],\n",
      "       [-0.13568814,  0.43331959, -0.89096736],\n",
      "       [ 0.29612   , -0.84044   , -0.453843  ]]), 'Tc_7': array([[ 101.21682335],\n",
      "       [  -5.87948397],\n",
      "       [1604.739609  ]]), 'Rc_8': array([[-0.77963465, -0.62606067, -0.01475802],\n",
      "       [-0.27309294,  0.36110173, -0.8916422 ],\n",
      "       [ 0.563551  , -0.691125  , -0.4525    ]]), 'Tc_8': array([[ 113.7760204],\n",
      "       [  10.7596371],\n",
      "       [1570.835467 ]]), 'Rc_9': array([[-0.55253254, -0.83336092, -0.01474405],\n",
      "       [-0.36946042,  0.26073857, -0.89191615],\n",
      "       [ 0.747132  , -0.487365  , -0.45196   ]]), 'Tc_9': array([[ 113.76709531],\n",
      "       [  26.60132041],\n",
      "       [1538.52288   ]]), 'Rc_10': array([[-0.27143721, -0.96234941, -0.01433296],\n",
      "       [-0.43067907,  0.13476696, -0.89238632],\n",
      "       [ 0.860719  , -0.236054  , -0.451045  ]]), 'Tc_10': array([[ 103.0354388 ],\n",
      "       [  41.88332549],\n",
      "       [1507.476398  ]]), 'Rc_11': array([[-0.01171389, -0.99984108, -0.01343548],\n",
      "       [-0.45012415,  0.01727067, -0.89279895],\n",
      "       [ 0.892889  , -0.004411  , -0.450255  ]]), 'Tc_11': array([[  86.24222008],\n",
      "       [  53.28570419],\n",
      "       [1484.507254  ]]), 'Rc_12': array([[ 0.27456013, -0.96149248, -0.01220305],\n",
      "       [-0.43565362, -0.11307003, -0.89298439],\n",
      "       [ 0.857218  ,  0.250494  , -0.449922  ]]), 'Tc_12': array([[  61.00753666],\n",
      "       [  63.1769599 ],\n",
      "       [1465.218363  ]]), 'Rc_13': array([[ 0.57740842, -0.81638427, -0.01078024],\n",
      "       [-0.37284025, -0.25190812, -0.89304671],\n",
      "       [ 0.726354  ,  0.519672  , -0.449835  ]]), 'Tc_13': array([[  25.48474989],\n",
      "       [  70.07325761],\n",
      "       [1452.731813  ]]), 'Rc_14': array([[ 0.80118836, -0.5983346 , -0.00963662],\n",
      "       [-0.27678259, -0.35624666, -0.89245713],\n",
      "       [ 0.530555  ,  0.717693  , -0.451029  ]]), 'Tc_14': array([[ -10.12409792],\n",
      "       [  71.50816861],\n",
      "       [1452.177363  ]]), 'Rc_15': array([[ 0.94378831, -0.33041822, -0.0093502 ],\n",
      "       [-0.15755288, -0.42479842, -0.89147262],\n",
      "       [ 0.290587  ,  0.842835  , -0.452978  ]]), 'Tc_15': array([[ -43.68900689],\n",
      "       [  68.14684058],\n",
      "       [1461.547764  ]]), 'Rc_16': array([[ 0.99992206, -0.00750329, -0.00997424],\n",
      "       [-0.01229476, -0.4544385 , -0.89069327],\n",
      "       [ 0.002151  ,  0.890746  , -0.454495  ]]), 'Tc_16': array([[ -75.24459604],\n",
      "       [  59.51315078],\n",
      "       [1481.169806  ]]), 'Rc_17': array([[ 0.95832556,  0.28546302, -0.01109064],\n",
      "       [ 0.12051342, -0.43916353, -0.89028754],\n",
      "       [-0.259015  ,  0.851849  , -0.455264  ]]), 'Tc_17': array([[ -96.74807329],\n",
      "       [  48.02538258],\n",
      "       [1504.962182  ]]), 'Rc_18': array([[ 0.82813832,  0.56038315, -0.01255311],\n",
      "       [ 0.24593673, -0.38338934, -0.89024028],\n",
      "       [-0.503688  ,  0.734155  , -0.455318  ]]), 'Tc_18': array([[-109.91772452],\n",
      "       [  33.65933167],\n",
      "       [1533.193988  ]]), 'Rc_19': array([[ 0.63952712,  0.76864708, -0.01366252],\n",
      "       [ 0.34296135, -0.30116484, -0.8897625 ],\n",
      "       [-0.688028  ,  0.564342  , -0.456219  ]]), 'Tc_19': array([[-112.97161799],\n",
      "       [  19.23005664],\n",
      "       [1560.480642  ]]), 'Rc_20': array([[ 0.34105604,  0.93994103, -0.01384158],\n",
      "       [ 0.42262626, -0.16646844, -0.89088455],\n",
      "       [-0.839683  ,  0.297992  , -0.454019  ]]), 'Tc_20': array([[-104.47082126],\n",
      "       [   1.67550423],\n",
      "       [1593.225754  ]])}\n"
     ]
    }
   ],
   "source": [
    "from scipy.io import loadmat\n",
    "from numpy.linalg import inv\n",
    "import numpy as np\n",
    "poses = loadmat('Calib_Results.mat')\n",
    "print(poses)"
   ]
  },
  {
   "cell_type": "code",
   "execution_count": 10,
   "metadata": {},
   "outputs": [
    {
     "name": "stdout",
     "output_type": "stream",
     "text": [
      "[[3.77207747e+03 0.00000000e+00 3.05875000e+02]\n",
      " [0.00000000e+00 3.75900543e+03 2.55875000e+02]\n",
      " [0.00000000e+00 0.00000000e+00 1.00000000e+00]]\n"
     ]
    }
   ],
   "source": [
    "KK = poses['KK']\n",
    "print(KK)"
   ]
  },
  {
   "cell_type": "code",
   "execution_count": 11,
   "metadata": {},
   "outputs": [
    {
     "name": "stdout",
     "output_type": "stream",
     "text": [
      "[[-0.02365614  0.99963052 -0.01338513]\n",
      " [ 0.45312528 -0.00121338 -0.89144604]\n",
      " [-0.891133   -0.027153   -0.452929  ]]\n"
     ]
    }
   ],
   "source": [
    "Rc_1 = poses['Rc_1']\n",
    "print(Rc_1)"
   ]
  },
  {
   "cell_type": "code",
   "execution_count": 12,
   "metadata": {},
   "outputs": [
    {
     "name": "stdout",
     "output_type": "stream",
     "text": [
      "[[ -81.42967876]\n",
      " [ -14.67307917]\n",
      " [1623.334915  ]]\n",
      "(3, 1)\n"
     ]
    }
   ],
   "source": [
    "Tc_1 = poses['Tc_1']\n",
    "print(Tc_1)\n",
    "print(Tc_1.shape)"
   ]
  },
  {
   "cell_type": "code",
   "execution_count": 13,
   "metadata": {},
   "outputs": [
    {
     "name": "stdout",
     "output_type": "stream",
     "text": [
      "[[-2.36561422e-02  9.99630519e-01 -1.33851320e-02 -8.14296788e+01]\n",
      " [ 4.53125275e-01 -1.21338236e-03 -8.91446037e-01 -1.46730792e+01]\n",
      " [-8.91133000e-01 -2.71530000e-02 -4.52929000e-01  1.62333491e+03]]\n"
     ]
    }
   ],
   "source": [
    "T_w2c_1 = Rc_1\n",
    "T_w2c_1 = np.append(T_w2c_1, Tc_1, axis = 1)\n",
    "print(T_w2c_1)"
   ]
  },
  {
   "cell_type": "code",
   "execution_count": 14,
   "metadata": {},
   "outputs": [
    {
     "name": "stdout",
     "output_type": "stream",
     "text": [
      "[[-2.36561422e-02  9.99630519e-01 -1.33851320e-02 -8.14296788e+01]\n",
      " [ 4.53125275e-01 -1.21338236e-03 -8.91446037e-01 -1.46730792e+01]\n",
      " [-8.91133000e-01 -2.71530000e-02 -4.52929000e-01  1.62333491e+03]\n",
      " [ 0.00000000e+00  0.00000000e+00  0.00000000e+00  1.00000000e+00]]\n",
      "Inverse\n",
      "[[-2.36558586e-02  4.53125107e-01 -8.91132923e-01  1.45132964e+03]\n",
      " [ 9.99630578e-01 -1.21338002e-03 -2.71533164e-02  1.25460719e+02]\n",
      " [-1.33849959e-02 -8.91446096e-01 -4.52929159e-01  7.21085522e+02]\n",
      " [ 0.00000000e+00  0.00000000e+00  0.00000000e+00  1.00000000e+00]]\n",
      "Final....\n",
      "[[-2.36558586e-02  4.53125107e-01 -8.91132923e-01  1.45132964e+03]\n",
      " [ 9.99630578e-01 -1.21338002e-03 -2.71533164e-02  1.25460719e+02]\n",
      " [-1.33849959e-02 -8.91446096e-01 -4.52929159e-01  7.21085522e+02]]\n"
     ]
    }
   ],
   "source": [
    "#WORLD to CAMERA ---> CAMERA to WORLD\n",
    "\n",
    "T_w2c_1 = np.append(T_w2c_1, np.transpose([[0],[0],[0],[1]]), axis = 0)\n",
    "print(T_w2c_1)\n",
    "\n",
    "T_c2w_1 = inv(T_w2c_1)\n",
    "print('Inverse')\n",
    "print(T_c2w_1)\n",
    "\n",
    "T_c2w_1 = T_c2w_1[0:3,:]\n",
    "print('Final....')\n",
    "print(T_c2w_1)\n"
   ]
  },
  {
   "cell_type": "code",
   "execution_count": 15,
   "metadata": {},
   "outputs": [
    {
     "name": "stdout",
     "output_type": "stream",
     "text": [
      "Intrinsics\n",
      "[[ 512.        ]\n",
      " [ 612.        ]\n",
      " [3765.54145104]]\n"
     ]
    }
   ],
   "source": [
    "# Intrinsics [height, width, focal]\n",
    "\n",
    "focal = (KK[0][0]+KK[1][1])/2.0\n",
    "\n",
    "height = 512.0\n",
    "\n",
    "width = 612.0\n",
    "\n",
    "intrinsics = np.array([height,width,focal])\n",
    "intrinsics = intrinsics.reshape(3,1)\n",
    "print('Intrinsics')\n",
    "print(intrinsics)\n"
   ]
  },
  {
   "cell_type": "code",
   "execution_count": 16,
   "metadata": {},
   "outputs": [
    {
     "name": "stdout",
     "output_type": "stream",
     "text": [
      "[[-2.36558586e-02  4.53125107e-01 -8.91132923e-01  1.45132964e+03\n",
      "   5.12000000e+02]\n",
      " [ 9.99630578e-01 -1.21338002e-03 -2.71533164e-02  1.25460719e+02\n",
      "   6.12000000e+02]\n",
      " [-1.33849959e-02 -8.91446096e-01 -4.52929159e-01  7.21085522e+02\n",
      "   3.76554145e+03]]\n"
     ]
    }
   ],
   "source": [
    "T_c2w_1 = np.append(T_c2w_1, intrinsics, axis = 1)\n",
    "print(T_c2w_1)\n",
    "\n"
   ]
  },
  {
   "cell_type": "code",
   "execution_count": 17,
   "metadata": {},
   "outputs": [
    {
     "name": "stdout",
     "output_type": "stream",
     "text": [
      "Flatten\n",
      "[-2.36558586e-02  4.53125107e-01 -8.91132923e-01  1.45132964e+03\n",
      "  5.12000000e+02  9.99630578e-01 -1.21338002e-03 -2.71533164e-02\n",
      "  1.25460719e+02  6.12000000e+02 -1.33849959e-02 -8.91446096e-01\n",
      " -4.52929159e-01  7.21085522e+02  3.76554145e+03]\n"
     ]
    }
   ],
   "source": [
    "# Flatten\n",
    "\n",
    "T_c2w_1 = T_c2w_1.flatten()\n",
    "print('Flatten')\n",
    "print(T_c2w_1)\n"
   ]
  },
  {
   "cell_type": "code",
   "execution_count": 18,
   "metadata": {},
   "outputs": [
    {
     "name": "stdout",
     "output_type": "stream",
     "text": [
      "ply\n",
      "format binary_little_endian 1.0\n",
      "comment VCGLIB generated\n",
      "element vertex 1002858\n",
      "property float x\n",
      "property float y\n",
      "property float z\n",
      "property float nx\n",
      "property float ny\n",
      "property float nz\n",
      "element face 2005728\n",
      "property list uchar int vertex_indices\n",
      "end_header\n",
      "49.71357345581055   84.95451354980469   2.3159995079040527\n"
     ]
    }
   ],
   "source": [
    "# z near-far values\n",
    "\n",
    "from plyfile import PlyData, PlyElement\n",
    "\n",
    "mesh = PlyData.read('mesh_Gt.ply')\n",
    "print(mesh)\n",
    "\n",
    "x = np.memmap.tolist(mesh['vertex']['x'])\n",
    "y = np.memmap.tolist(mesh['vertex']['y'])\n",
    "z = np.memmap.tolist(mesh['vertex']['z'])\n",
    "\n",
    "print(x[0],' ',y[0],' ',z[0])\n"
   ]
  },
  {
   "cell_type": "code",
   "execution_count": 19,
   "metadata": {},
   "outputs": [
    {
     "name": "stdout",
     "output_type": "stream",
     "text": [
      "V mat\n",
      "[[4.97135735e+01 8.49545135e+01 2.31599951e+00 1.00000000e+00]\n",
      " [4.97125397e+01 8.53960114e+01 2.31780457e+00 1.00000000e+00]\n",
      " [4.97161560e+01 8.55068207e+01 2.20618343e+00 1.00000000e+00]\n",
      " ...\n",
      " [8.05606613e+01 1.04334747e+02 3.13488808e+01 1.00000000e+00]\n",
      " [8.05999069e+01 1.04359329e+02 3.15576973e+01 1.00000000e+00]\n",
      " [5.39716748e-05 5.27609475e-02 1.86067828e-09 1.00000000e+00]]\n",
      "V_c mat\n",
      "[[ 2.28641437e+00  2.72774934e+00  2.83992624e+00 ...  2.05411555e+01\n",
      "   2.05620048e+01 -8.13769386e+01]\n",
      " [ 5.68572659e+00  5.68311334e+00  5.78412176e+00 ... -6.24144080e+00\n",
      "  -6.40983612e+00 -1.46731187e+01]\n",
      " [ 1.57567776e+03  1.57566587e+03  1.57571020e+03 ...  1.53451283e+03\n",
      "   1.53438261e+03  1.62333343e+03]\n",
      " [ 1.00000000e+00  1.00000000e+00  1.00000000e+00 ...  1.00000000e+00\n",
      "   1.00000000e+00  1.00000000e+00]]\n"
     ]
    }
   ],
   "source": [
    "V = np.column_stack((x, y, z))\n",
    "\n",
    "add = np.ones(1002858)\n",
    "V = np.column_stack((V, add))\n",
    "print('V mat')\n",
    "print(V)\n",
    "\n",
    "V_c = np.matmul(T_w2c_1, np.transpose(V))\n",
    "print('V_c mat')\n",
    "print(V_c)\n",
    "\n"
   ]
  },
  {
   "cell_type": "code",
   "execution_count": 20,
   "metadata": {},
   "outputs": [
    {
     "name": "stdout",
     "output_type": "stream",
     "text": [
      "1498.930845036865\n",
      "1623.3334342852093\n"
     ]
    }
   ],
   "source": [
    "minz = min(V_c[2,:])\n",
    "maxz = max(V_c[2])\n",
    "print(minz)\n",
    "print(maxz)"
   ]
  },
  {
   "cell_type": "code",
   "execution_count": 21,
   "metadata": {},
   "outputs": [
    {
     "name": "stdout",
     "output_type": "stream",
     "text": [
      "Poses matix final...\n",
      "[-2.36558586e-02  4.53125107e-01 -8.91132923e-01  1.45132964e+03\n",
      "  5.12000000e+02  9.99630578e-01 -1.21338002e-03 -2.71533164e-02\n",
      "  1.25460719e+02  6.12000000e+02 -1.33849959e-02 -8.91446096e-01\n",
      " -4.52929159e-01  7.21085522e+02  3.76554145e+03  1.49893085e+03\n",
      "  1.62333343e+03]\n"
     ]
    }
   ],
   "source": [
    "poses_bounds_1 = np.append(T_c2w_1, [minz, maxz])\n",
    "print('Poses matix final...')\n",
    "print(poses_bounds_1)"
   ]
  },
  {
   "cell_type": "markdown",
   "metadata": {},
   "source": [
    "## Making it work for 20 images"
   ]
  },
  {
   "cell_type": "code",
   "execution_count": 57,
   "metadata": {},
   "outputs": [
    {
     "name": "stdout",
     "output_type": "stream",
     "text": [
      "{'__header__': b'MATLAB 5.0 MAT-file, Platform: PCWIN64, Created on: Thu Nov 09 17:02:54 2017', '__version__': '1.0', '__globals__': [], 'KK': array([[3.77207747e+03, 0.00000000e+00, 3.05875000e+02],\n",
      "       [0.00000000e+00, 3.75900543e+03, 2.55875000e+02],\n",
      "       [0.00000000e+00, 0.00000000e+00, 1.00000000e+00]]), 'Rc_1': array([[-0.02365614,  0.99963052, -0.01338513],\n",
      "       [ 0.45312528, -0.00121338, -0.89144604],\n",
      "       [-0.891133  , -0.027153  , -0.452929  ]]), 'Tc_1': array([[ -81.42967876],\n",
      "       [ -14.67307917],\n",
      "       [1623.334915  ]]), 'Rc_2': array([[-0.28771447,  0.95763136, -0.01275215],\n",
      "       [ 0.4368058 ,  0.11936278, -0.8916015 ],\n",
      "       [-0.852303  , -0.262097  , -0.452641  ]]), 'Tc_2': array([[ -57.55750749],\n",
      "       [ -23.56542844],\n",
      "       [1639.708698  ]]), 'Rc_3': array([[-0.57504278,  0.81803644, -0.01192571],\n",
      "       [ 0.37664138,  0.25176541, -0.89149059],\n",
      "       [-0.726269  , -0.517137  , -0.452882  ]]), 'Tc_3': array([[ -23.66517847],\n",
      "       [ -30.07418965],\n",
      "       [1651.828301  ]]), 'Rc_4': array([[-0.80731481,  0.59000692, -0.01160533],\n",
      "       [ 0.27600562,  0.36013387, -0.8911366 ],\n",
      "       [-0.521597  , -0.722631  , -0.453587  ]]), 'Tc_4': array([[  13.4243576 ],\n",
      "       [ -31.43265165],\n",
      "       [1654.741069  ]]), 'Rc_5': array([[-0.95729533,  0.28885399, -0.01220802],\n",
      "       [ 0.14172923,  0.43206563, -0.89063583],\n",
      "       [-0.251989  , -0.854332  , -0.454553  ]]), 'Tc_5': array([[  50.36713435],\n",
      "       [ -27.13299102],\n",
      "       [1646.678869  ]]), 'Rc_6': array([[-0.99989666, -0.00570123, -0.01319996],\n",
      "       [ 0.00916316,  0.45480391, -0.89054443],\n",
      "       [ 0.011081  , -0.890573  , -0.454705  ]]), 'Tc_6': array([[  78.4639604 ],\n",
      "       [ -18.82346321],\n",
      "       [1630.614779  ]]), 'Rc_7': array([[-0.94546358, -0.3254147 , -0.01427698],\n",
      "       [-0.13568814,  0.43331959, -0.89096736],\n",
      "       [ 0.29612   , -0.84044   , -0.453843  ]]), 'Tc_7': array([[ 101.21682335],\n",
      "       [  -5.87948397],\n",
      "       [1604.739609  ]]), 'Rc_8': array([[-0.77963465, -0.62606067, -0.01475802],\n",
      "       [-0.27309294,  0.36110173, -0.8916422 ],\n",
      "       [ 0.563551  , -0.691125  , -0.4525    ]]), 'Tc_8': array([[ 113.7760204],\n",
      "       [  10.7596371],\n",
      "       [1570.835467 ]]), 'Rc_9': array([[-0.55253254, -0.83336092, -0.01474405],\n",
      "       [-0.36946042,  0.26073857, -0.89191615],\n",
      "       [ 0.747132  , -0.487365  , -0.45196   ]]), 'Tc_9': array([[ 113.76709531],\n",
      "       [  26.60132041],\n",
      "       [1538.52288   ]]), 'Rc_10': array([[-0.27143721, -0.96234941, -0.01433296],\n",
      "       [-0.43067907,  0.13476696, -0.89238632],\n",
      "       [ 0.860719  , -0.236054  , -0.451045  ]]), 'Tc_10': array([[ 103.0354388 ],\n",
      "       [  41.88332549],\n",
      "       [1507.476398  ]]), 'Rc_11': array([[-0.01171389, -0.99984108, -0.01343548],\n",
      "       [-0.45012415,  0.01727067, -0.89279895],\n",
      "       [ 0.892889  , -0.004411  , -0.450255  ]]), 'Tc_11': array([[  86.24222008],\n",
      "       [  53.28570419],\n",
      "       [1484.507254  ]]), 'Rc_12': array([[ 0.27456013, -0.96149248, -0.01220305],\n",
      "       [-0.43565362, -0.11307003, -0.89298439],\n",
      "       [ 0.857218  ,  0.250494  , -0.449922  ]]), 'Tc_12': array([[  61.00753666],\n",
      "       [  63.1769599 ],\n",
      "       [1465.218363  ]]), 'Rc_13': array([[ 0.57740842, -0.81638427, -0.01078024],\n",
      "       [-0.37284025, -0.25190812, -0.89304671],\n",
      "       [ 0.726354  ,  0.519672  , -0.449835  ]]), 'Tc_13': array([[  25.48474989],\n",
      "       [  70.07325761],\n",
      "       [1452.731813  ]]), 'Rc_14': array([[ 0.80118836, -0.5983346 , -0.00963662],\n",
      "       [-0.27678259, -0.35624666, -0.89245713],\n",
      "       [ 0.530555  ,  0.717693  , -0.451029  ]]), 'Tc_14': array([[ -10.12409792],\n",
      "       [  71.50816861],\n",
      "       [1452.177363  ]]), 'Rc_15': array([[ 0.94378831, -0.33041822, -0.0093502 ],\n",
      "       [-0.15755288, -0.42479842, -0.89147262],\n",
      "       [ 0.290587  ,  0.842835  , -0.452978  ]]), 'Tc_15': array([[ -43.68900689],\n",
      "       [  68.14684058],\n",
      "       [1461.547764  ]]), 'Rc_16': array([[ 0.99992206, -0.00750329, -0.00997424],\n",
      "       [-0.01229476, -0.4544385 , -0.89069327],\n",
      "       [ 0.002151  ,  0.890746  , -0.454495  ]]), 'Tc_16': array([[ -75.24459604],\n",
      "       [  59.51315078],\n",
      "       [1481.169806  ]]), 'Rc_17': array([[ 0.95832556,  0.28546302, -0.01109064],\n",
      "       [ 0.12051342, -0.43916353, -0.89028754],\n",
      "       [-0.259015  ,  0.851849  , -0.455264  ]]), 'Tc_17': array([[ -96.74807329],\n",
      "       [  48.02538258],\n",
      "       [1504.962182  ]]), 'Rc_18': array([[ 0.82813832,  0.56038315, -0.01255311],\n",
      "       [ 0.24593673, -0.38338934, -0.89024028],\n",
      "       [-0.503688  ,  0.734155  , -0.455318  ]]), 'Tc_18': array([[-109.91772452],\n",
      "       [  33.65933167],\n",
      "       [1533.193988  ]]), 'Rc_19': array([[ 0.63952712,  0.76864708, -0.01366252],\n",
      "       [ 0.34296135, -0.30116484, -0.8897625 ],\n",
      "       [-0.688028  ,  0.564342  , -0.456219  ]]), 'Tc_19': array([[-112.97161799],\n",
      "       [  19.23005664],\n",
      "       [1560.480642  ]]), 'Rc_20': array([[ 0.34105604,  0.93994103, -0.01384158],\n",
      "       [ 0.42262626, -0.16646844, -0.89088455],\n",
      "       [-0.839683  ,  0.297992  , -0.454019  ]]), 'Tc_20': array([[-104.47082126],\n",
      "       [   1.67550423],\n",
      "       [1593.225754  ]])}\n"
     ]
    }
   ],
   "source": [
    "from scipy.io import loadmat\n",
    "from numpy.linalg import inv\n",
    "import numpy as np\n",
    "poses = loadmat('Calib_Results.mat')\n",
    "print(poses)\n"
   ]
  },
  {
   "cell_type": "code",
   "execution_count": 58,
   "metadata": {},
   "outputs": [
    {
     "name": "stdout",
     "output_type": "stream",
     "text": [
      "[[3.77207747e+03 0.00000000e+00 3.05875000e+02]\n",
      " [0.00000000e+00 3.75900543e+03 2.55875000e+02]\n",
      " [0.00000000e+00 0.00000000e+00 1.00000000e+00]]\n"
     ]
    }
   ],
   "source": [
    "KK = poses['KK']\n",
    "print(KK)\n"
   ]
  },
  {
   "cell_type": "code",
   "execution_count": 59,
   "metadata": {},
   "outputs": [
    {
     "name": "stdout",
     "output_type": "stream",
     "text": [
      "Intrinsics\n",
      "[[ 512.        ]\n",
      " [ 612.        ]\n",
      " [3765.54145104]]\n",
      "Verticies\n",
      "[[4.97135735e+01 8.49545135e+01 2.31599951e+00 1.00000000e+00]\n",
      " [4.97125397e+01 8.53960114e+01 2.31780457e+00 1.00000000e+00]\n",
      " [4.97161560e+01 8.55068207e+01 2.20618343e+00 1.00000000e+00]\n",
      " ...\n",
      " [8.05606613e+01 1.04334747e+02 3.13488808e+01 1.00000000e+00]\n",
      " [8.05999069e+01 1.04359329e+02 3.15576973e+01 1.00000000e+00]\n",
      " [5.39716748e-05 5.27609475e-02 1.86067828e-09 1.00000000e+00]]\n"
     ]
    }
   ],
   "source": [
    "from plyfile import PlyData, PlyElement\n",
    "\n",
    "# # rotation matrix\n",
    "# rot_mat = np.array([[0, -1, 0, 0],\n",
    "#                    [1, 0, 0, 0],\n",
    "#                    [0, 0, 1, 0],\n",
    "#                    [0, 0, 0, 1]])\n",
    "\n",
    "# [height, width, focal]\n",
    "focal = (KK[0][0]+KK[1][1])/2.0\n",
    "\n",
    "height = 512.0\n",
    "\n",
    "width = 612.0\n",
    "\n",
    "intrinsics = np.array([height,width,focal])\n",
    "intrinsics = intrinsics.reshape(3,1)\n",
    "print('Intrinsics')\n",
    "print(intrinsics)\n",
    "\n",
    "#Verticies\n",
    "mesh = PlyData.read('mesh_Gt.ply')\n",
    "\n",
    "x = np.memmap.tolist(mesh['vertex']['x'])\n",
    "y = np.memmap.tolist(mesh['vertex']['y'])\n",
    "z = np.memmap.tolist(mesh['vertex']['z'])\n",
    "\n",
    "V = np.column_stack((x, y, z))\n",
    "add = np.ones(1002858)\n",
    "V = np.column_stack((V, add))\n",
    "print('Verticies')\n",
    "print(V)"
   ]
  },
  {
   "cell_type": "markdown",
   "metadata": {},
   "source": [
    "## Without rotation"
   ]
  },
  {
   "cell_type": "code",
   "execution_count": 6,
   "metadata": {},
   "outputs": [
    {
     "name": "stdout",
     "output_type": "stream",
     "text": [
      "FINAL\n",
      "[array([-2.36558586e-02,  4.53125107e-01, -8.91132923e-01,  1.45132964e+03,\n",
      "        5.12000000e+02,  9.99630578e-01, -1.21338002e-03, -2.71533164e-02,\n",
      "        1.25460719e+02,  6.12000000e+02, -1.33849959e-02, -8.91446096e-01,\n",
      "       -4.52929159e-01,  7.21085522e+02,  3.76554145e+03,  1.49893085e+03,\n",
      "        1.62333343e+03]), array([-2.87714685e-01,  4.36805694e-01, -8.52303773e-01,  1.39126328e+03,\n",
      "        5.12000000e+02,  9.57631241e-01,  1.19362714e-01, -2.62096973e-01,\n",
      "        4.87694388e+02,  6.12000000e+02, -1.27522396e-02, -8.91601541e-01,\n",
      "       -4.52641513e-01,  7.20455266e+02,  3.76554145e+03,  1.49826678e+03,\n",
      "        1.63969482e+03]), array([-5.75042933e-01,  3.76641297e-01, -7.26269487e-01,  1.19739118e+03,\n",
      "        5.12000000e+02,  8.18036282e-01,  2.51765315e-01, -5.17137066e-01,\n",
      "        8.81152254e+02,  6.12000000e+02, -1.19257837e-02, -8.91490627e-01,\n",
      "       -4.52882374e-01,  7.20990838e+02,  3.76554145e+03,  1.49593067e+03,\n",
      "        1.65180098e+03]), array([-8.07314914e-01,  2.76005819e-01, -5.21597247e-01,  8.82621665e+02,\n",
      "        5.12000000e+02,  5.90006694e-01,  3.60134168e-01, -7.22630856e-01,\n",
      "        1.19916647e+03,  6.12000000e+02, -1.16054690e-02, -8.91136477e-01,\n",
      "       -4.53586594e-01,  7.22713379e+02,  3.76554145e+03,  1.49154738e+03,\n",
      "        1.65470291e+03]), array([-9.57295353e-01,  1.41729139e-01, -2.51989035e-01,  4.67006778e+02,\n",
      "        5.12000000e+02,  2.88853859e-01,  4.32065149e-01, -8.54331700e-01,\n",
      "        1.40398444e+03,  6.12000000e+02, -1.22080296e-02, -8.90636003e-01,\n",
      "       -4.54553429e-01,  7.24952791e+02,  3.76554145e+03,  1.48746575e+03,\n",
      "        1.64663378e+03]), array([-9.99896584e-01,  9.16315090e-03,  1.10805895e-02,  6.05601552e+01,\n",
      "        5.12000000e+02, -5.70158764e-03,  4.54804346e-01, -8.90573483e-01,\n",
      "        1.46119065e+03,  6.12000000e+02, -1.32001496e-02, -8.90544274e-01,\n",
      "       -4.54704737e-01,  7.25720873e+02,  3.76554145e+03,  1.48446882e+03,\n",
      "        1.63056779e+03]), array([-9.45463749e-01, -1.35688248e-01,  2.96120400e-01, -3.80297074e+02,\n",
      "        5.12000000e+02, -3.25414395e-01,  4.33319765e-01, -8.40440044e-01,\n",
      "        1.38417254e+03,  6.12000000e+02, -1.42768561e-02, -8.90967289e-01,\n",
      "       -4.53842841e-01,  7.24506213e+02,  3.76554145e+03,  1.48186631e+03,\n",
      "        1.60469528e+03]), array([-7.79634857e-01, -2.73092860e-01,  5.63551339e-01, -7.93604300e+02,\n",
      "        5.12000000e+02, -6.26060494e-01,  3.61101624e-01, -6.91124940e-01,\n",
      "        1.15298892e+03,  6.12000000e+02, -1.47578882e-02, -8.91642242e-01,\n",
      "       -4.52500232e-01,  7.22076255e+02,  3.76554145e+03,  1.47990063e+03,\n",
      "        1.58759545e+03]), array([-5.52532463e-01, -3.69460300e-01,  7.47132876e-01, -1.07679288e+03,\n",
      "        5.12000000e+02, -8.33360948e-01,  2.60738519e-01, -4.87365657e-01,\n",
      "        8.37696280e+02,  6.12000000e+02, -1.47440618e-02, -8.91916189e-01,\n",
      "       -4.51960698e-01,  7.20755412e+02,  3.76554145e+03,  1.47932664e+03,\n",
      "        1.58780334e+03]), array([-2.71437296e-01, -4.30679495e-01,  8.60718973e-01, -1.25150759e+03,\n",
      "        5.12000000e+02, -9.62349404e-01,  1.34767033e-01, -2.36053922e-01,\n",
      "        4.49357317e+02,  6.12000000e+02, -1.43329648e-02, -8.92386173e-01,\n",
      "       -4.51044472e-01,  7.18791800e+02,  3.76554145e+03,  1.48006034e+03,\n",
      "        1.58739872e+03]), array([-1.17143430e-02, -4.50124252e-01,  8.92889244e-01, -1.30050510e+03,\n",
      "        5.12000000e+02, -9.99841160e-01,  1.72706287e-02, -4.41051296e-03,\n",
      "        9.18556822e+01,  6.12000000e+02, -1.34352949e-02, -8.92798912e-01,\n",
      "       -4.50254991e-01,  7.17138909e+02,  3.76554145e+03,  1.48105932e+03,\n",
      "        1.58669736e+03]), array([ 2.74559959e-01, -4.35653467e-01,  8.57218083e-01, -1.24523864e+03,\n",
      "        5.12000000e+02, -9.61492563e-01, -1.13069981e-01,  2.50494241e-01,\n",
      "       -3.01227052e+02,  6.12000000e+02, -1.22029569e-02, -8.92984441e-01,\n",
      "       -4.49922263e-01,  7.16394877e+02,  3.76554145e+03,  1.46523163e+03,\n",
      "        1.58594983e+03]), array([ 5.77408286e-01, -3.72840293e-01,  7.26353439e-01, -1.04378572e+03,\n",
      "        5.12000000e+02, -8.16384404e-01, -2.51908170e-01,  5.19671841e-01,\n",
      "       -7.16486437e+02,  6.12000000e+02, -1.07801703e-02, -8.93046696e-01,\n",
      "       -4.49834649e-01,  7.16342526e+02,  3.76554145e+03,  1.45275927e+03,\n",
      "        1.58556084e+03]), array([ 8.01188221e-01, -2.76782536e-01,  5.30555235e-01, -7.42556782e+02,\n",
      "        5.12000000e+02, -5.98334873e-01, -3.56246610e-01,  7.17693884e-01,\n",
      "       -1.02280187e+03,  6.12000000e+02, -9.63648345e-03, -8.92457151e-01,\n",
      "       -4.51029513e-01,  7.18695265e+02,  3.76554145e+03,  1.45221526e+03,\n",
      "        1.58574430e+03]), array([ 9.43788314e-01, -1.57552800e-01,  2.90586736e-01, -3.72736494e+02,\n",
      "        5.12000000e+02, -3.30418218e-01, -4.24798136e-01,  8.42834273e-01,\n",
      "       -1.21732954e+03,  6.12000000e+02, -9.35017661e-03, -8.91472725e-01,\n",
      "       -4.52977955e-01,  7.22391467e+02,  3.76554145e+03,  1.46159225e+03,\n",
      "        1.58595029e+03]), array([ 9.99922143e-01, -1.22947310e-02,  2.15045392e-03,  7.27852485e+01,\n",
      "        5.12000000e+02, -7.50379080e-03, -4.54438418e-01,  8.90747063e-01,\n",
      "       -1.29286721e+03,  6.12000000e+02, -9.97401315e-03, -8.90693295e-01,\n",
      "       -4.54495629e-01,  7.25442676e+02,  3.76554145e+03,  1.48121680e+03,\n",
      "        1.58564767e+03]), array([ 9.58325508e-01,  1.20513438e-01, -2.59014669e-01,  4.76735724e+02,\n",
      "        5.12000000e+02,  2.85463132e-01, -4.39163593e-01,  8.51848388e-01,\n",
      "       -1.23329060e+03,  6.12000000e+02, -1.10907024e-02, -8.90287517e-01,\n",
      "       -4.55263579e-01,  7.26837864e+02,  3.76554145e+03,  1.48782733e+03,\n",
      "        1.58454115e+03]), array([ 8.28138586e-01,  2.45936658e-01, -5.03688482e-01,  8.55001198e+02,\n",
      "        5.12000000e+02,  5.60382879e-01, -3.83389209e-01,  7.34154970e-01,\n",
      "       -1.05110135e+03,  6.12000000e+02, -1.25529319e-02, -8.90240334e-01,\n",
      "       -4.55318291e-01,  7.26676372e+02,  3.76554145e+03,  1.49260634e+03,\n",
      "        1.58257440e+03]), array([ 6.39527410e-01,  3.42961036e-01, -6.88027955e-01,  1.13930759e+03,\n",
      "        5.12000000e+02,  7.68646924e-01, -3.01164591e-01,  5.64341481e-01,\n",
      "       -7.88017257e+02,  6.12000000e+02, -1.36623468e-02, -8.89762643e-01,\n",
      "       -4.56219277e-01,  7.27488079e+02,  3.76554145e+03,  1.49736653e+03,\n",
      "        1.58030216e+03]), array([ 3.41056312e-01,  4.22626417e-01, -8.39683147e-01,  1.37272714e+03,\n",
      "        5.12000000e+02,  9.39940984e-01, -1.66468463e-01,  2.97991748e-01,\n",
      "       -3.76292803e+02,  6.12000000e+02, -1.38414771e-02, -8.90884496e-01,\n",
      "       -4.54018839e-01,  7.23401157e+02,  3.76554145e+03,  1.50046975e+03,\n",
      "        1.59324143e+03])]\n"
     ]
    }
   ],
   "source": [
    "poses_bounds = []\n",
    "\n",
    "for i in range(1,21):\n",
    "    \n",
    "    #Step 1\n",
    "    \n",
    "    Rc = poses['Rc_'+str(i)]\n",
    "    Tc = poses['Tc_'+str(i)]\n",
    "    \n",
    "    T_w2c = Rc\n",
    "    T_w2c = np.append(T_w2c, Tc, axis = 1)\n",
    "\n",
    "    T_w2c = np.append(T_w2c, np.transpose([[0],[0],[0],[1]]), axis = 0)\n",
    "#     print(T_w2c)\n",
    "\n",
    "    T_c2w = inv(T_w2c)\n",
    "#     print('Inverse')\n",
    "#     print(T_c2w)\n",
    "\n",
    "    T_c2w = T_c2w[0:3,:]\n",
    "#     print('Final....')\n",
    "#     print(T_c2w)\n",
    "\n",
    "    T_c2w = np.append(T_c2w, intrinsics, axis = 1)\n",
    "#     print(T_c2w)\n",
    "\n",
    "    T_c2w = T_c2w.flatten()\n",
    "#     print('Flatten')\n",
    "#     print(T_c2w_1)\n",
    "    \n",
    "    \n",
    "    V_c = np.matmul(T_w2c, np.transpose(V))\n",
    "#     print('Camera Verticies')\n",
    "#     print(V_c)\n",
    "    minz = min(V_c[2])\n",
    "    maxz = max(V_c[2])\n",
    "    \n",
    "    poses_bound_img = np.append(T_c2w, [minz, maxz])\n",
    "    poses_bound_img.tolist()\n",
    "#     print('Poses matix final...')\n",
    "#     print(poses_bound_img)\n",
    "    \n",
    "    poses_bounds.append(poses_bound_img)\n",
    "    \n",
    "print('FINAL')\n",
    "print(poses_bounds)\n",
    "\n"
   ]
  },
  {
   "cell_type": "markdown",
   "metadata": {},
   "source": [
    "## With Rotation\n",
    "\n",
    "wt_rot1 = original\n",
    "wt_rot2 = no abs\n",
    "wt_rot3 = only rx_180 and no abs\n",
    "wt_rot4 = only rz_90 and no abs\n",
    "wt_rot5 = only rx_180 and abs //worked for first image\n",
    "wt_rot6 = only rz_90 and abs\n",
    "wt_rot7 = reverse both matmul\n",
    "wt_rot7 = reverse rz_90 //worked for 1st image\n",
    "wt_rot8 = reverse rx_180 //worked for 1st image\n",
    "wt_rot9 = reverse V "
   ]
  },
  {
   "cell_type": "code",
   "execution_count": 54,
   "metadata": {
    "scrolled": true
   },
   "outputs": [
    {
     "name": "stdout",
     "output_type": "stream",
     "text": [
      "FINAL\n",
      "[array([ 4.53125107e-01, -2.36558586e-02,  8.91132923e-01,  1.45132964e+03,\n",
      "        5.12000000e+02, -1.21338002e-03,  9.99630578e-01,  2.71533164e-02,\n",
      "        1.25460719e+02,  6.12000000e+02, -8.91446096e-01, -1.33849959e-02,\n",
