{
 "cells": [
  {
   "cell_type": "code",
   "execution_count": 90,
   "metadata": {},
   "outputs": [],
   "source": [
    "import numpy as np\n",
    "import scipy\n",
    "import os,sys\n",
    "sys.path.insert(0, \"../\") \n",
    "from utils.load_llff import recenter_poses\n",
    "\n",
    "np.set_printoptions(suppress=True, formatter={'float': lambda x: \"{0:0.3f}\".format(x)})"
   ]
  },
  {
   "cell_type": "code",
   "execution_count": 91,
   "metadata": {},
   "outputs": [],
   "source": [
    "def avg_abs(m1,m2):\n",
    "    return (np.sum(np.abs(m1 - m2)) / m1.size)\n",
    "\n",
    "rot_mat = np.array([[1,0,0,0],\n",
    "                    [0,0,1,0],\n",
    "                    [0,-1,0,0],\n",
    "                    [0,0,0,1]])"
   ]
  },
  {
   "cell_type": "markdown",
   "metadata": {},
   "source": [
    "Getting w2cs from LLFF, note that the order is stored in perm"
   ]
  },
  {
   "cell_type": "code",
   "execution_count": 92,
   "metadata": {},
   "outputs": [],
   "source": [
    "w2cs = np.array([[[ 3.24613707e-01,  4.75760308e-01, -8.17482765e-01,\n",
    "          2.54276654e-02],\n",
    "        [-4.65034899e-01,  8.32888415e-01,  3.00065710e-01,\n",
    "         -1.92242929e+00],\n",
    "        [ 8.23631279e-01,  2.82752573e-01,  4.91612143e-01,\n",
    "          2.97067207e+00],\n",
    "        [ 0.00000000e+00,  0.00000000e+00,  0.00000000e+00,\n",
    "          1.00000000e+00]],\n",
    "\n",
    "       [[ 5.09562313e-01,  4.30835441e-01, -7.44800022e-01,\n",
    "          1.57632561e-03],\n",
    "        [-4.24040218e-01,  8.78935734e-01,  2.18315985e-01,\n",
    "         -1.91826821e+00],\n",
    "        [ 7.48689617e-01,  2.04579565e-01,  6.30564080e-01,\n",
    "          2.96938115e+00],\n",
    "        [ 0.00000000e+00,  0.00000000e+00,  0.00000000e+00,\n",
    "          1.00000000e+00]],\n",
    "\n",
    "       [[ 6.74513202e-01,  3.68819805e-01, -6.39534121e-01,\n",
    "         -2.65624864e-02],\n",
    "        [-3.66230507e-01,  9.19327745e-01,  1.43915648e-01,\n",
    "         -1.91652504e+00],\n",
    "        [ 6.41020402e-01,  1.37143901e-01,  7.55171765e-01,\n",
    "          2.97130086e+00],\n",
    "        [ 0.00000000e+00,  0.00000000e+00,  0.00000000e+00,\n",
    "          1.00000000e+00]],\n",
    "\n",
    "       [[ 8.12109242e-01,  2.93044360e-01, -5.04582582e-01,\n",
    "         -5.92943605e-02],\n",
    "        [-2.91277473e-01,  9.52890087e-01,  8.46044620e-02,\n",
    "         -1.92142515e+00],\n",
    "        [ 5.05604601e-01,  7.82654740e-02,  8.59208067e-01,\n",
    "          2.98081544e+00],\n",
    "        [ 0.00000000e+00,  0.00000000e+00,  0.00000000e+00,\n",
    "          1.00000000e+00]],\n",
    "\n",
    "       [[ 9.16144642e-01,  1.98485279e-01, -3.48256500e-01,\n",
    "         -7.68915529e-02],\n",
    "        [-2.00940666e-01,  9.79160455e-01,  2.94559378e-02,\n",
    "         -1.92253788e+00],\n",
    "        [ 3.46845563e-01,  4.29929932e-02,  9.36936368e-01,\n",
    "          2.97961391e+00],\n",
    "        [ 0.00000000e+00,  0.00000000e+00,  0.00000000e+00,\n",
    "          1.00000000e+00]],\n",
    "\n",
    "       [[ 9.79232851e-01,  1.04394981e-01, -1.73795027e-01,\n",
    "         -1.13716466e-01],\n",
    "        [-1.03704894e-01,  9.94522203e-01,  1.30722230e-02,\n",
    "         -1.93733641e+00],\n",
    "        [ 1.74207687e-01,  5.22264471e-03,  9.84695083e-01,\n",
    "          3.02030115e+00],\n",
    "        [ 0.00000000e+00,  0.00000000e+00,  0.00000000e+00,\n",
    "          1.00000000e+00]],\n",
    "\n",
    "       [[ 9.99985870e-01, -9.08454429e-04,  5.23783717e-03,\n",
    "         -1.30413908e-01],\n",
    "        [ 9.11743864e-04,  9.99999389e-01, -6.25660410e-04,\n",
    "         -1.94771400e+00],\n",
    "        [-5.23726559e-03,  6.30427136e-04,  9.99986087e-01,\n",
    "          3.02819100e+00],\n",
    "        [ 0.00000000e+00,  0.00000000e+00,  0.00000000e+00,\n",
    "          1.00000000e+00]],\n",
    "\n",
    "       [[ 9.77649425e-01, -1.05063977e-01,  1.82107557e-01,\n",
    "         -1.43395295e-01],\n",
    "        [ 1.04912578e-01,  9.94426102e-01,  1.04918214e-02,\n",
    "         -1.96343412e+00],\n",
    "        [-1.82194821e-01,  8.84805011e-03,  9.83222640e-01,\n",
    "          3.05038865e+00],\n",
    "        [ 0.00000000e+00,  0.00000000e+00,  0.00000000e+00,\n",
    "          1.00000000e+00]],\n",
    "\n",
    "       [[ 9.14196131e-01, -2.03636628e-01,  3.50396287e-01,\n",
    "         -1.50933084e-01],\n",
    "        [ 2.04303991e-01,  9.78263851e-01,  3.54924815e-02,\n",
    "         -1.97676727e+00],\n",
    "        [-3.50007591e-01,  3.91402708e-02,  9.35928804e-01,\n",
    "          3.06870555e+00],\n",
    "        [ 0.00000000e+00,  0.00000000e+00,  0.00000000e+00,\n",
    "          1.00000000e+00]],\n",
    "\n",
    "       [[ 8.12401076e-01, -2.94995924e-01,  5.02973058e-01,\n",
    "         -1.47958747e-01],\n",
    "        [ 2.94726549e-01,  9.52028615e-01,  8.23272627e-02,\n",
    "         -1.99226050e+00],\n",
    "        [-5.03130951e-01,  8.13567572e-02,  8.60372201e-01,\n",
    "          3.10480572e+00],\n",
    "        [ 0.00000000e+00,  0.00000000e+00,  0.00000000e+00,\n",
    "          1.00000000e+00]],\n",
    "\n",
    "       [[ 6.74260232e-01, -3.79595376e-01,  6.33467039e-01,\n",
    "         -1.24403938e-01],\n",
    "        [ 3.70622866e-01,  9.15871339e-01,  1.54332048e-01,\n",
    "         -2.01136468e+00],\n",
    "        [-6.38758037e-01,  1.30717407e-01,  7.58222348e-01,\n",
    "          3.16912092e+00],\n",
    "        [ 0.00000000e+00,  0.00000000e+00,  0.00000000e+00,\n",
    "          1.00000000e+00]],\n",
    "\n",
    "       [[ 5.05047974e-01, -4.46618907e-01,  7.38551350e-01,\n",
    "         -1.00974939e-01],\n",
    "        [ 4.29590080e-01,  8.72258103e-01,  2.33705295e-01,\n",
    "         -2.02610744e+00],\n",
    "        [-7.48584603e-01,  1.99241948e-01,  6.32395239e-01,\n",
    "          3.21067071e+00],\n",
    "        [ 0.00000000e+00,  0.00000000e+00,  0.00000000e+00,\n",
    "          1.00000000e+00]],\n",
    "\n",
    "       [[ 3.15683909e-01, -4.88239806e-01,  8.13612660e-01,\n",
    "         -9.04621606e-02],\n",
    "        [ 4.75491463e-01,  8.23427288e-01,  3.09637482e-01,\n",
    "         -2.03414191e+00],\n",
    "        [-8.21128211e-01,  2.89118303e-01,  4.92096605e-01,\n",
    "          3.21686801e+00],\n",
    "        [ 0.00000000e+00,  0.00000000e+00,  0.00000000e+00,\n",
    "          1.00000000e+00]],\n",
    "\n",
    "       [[ 1.12150270e-01, -5.09903933e-01,  8.52889381e-01,\n",
    "         -7.14991782e-02],\n",
    "        [ 5.02396041e-01,  7.69620536e-01,  3.94058941e-01,\n",
    "         -2.04277103e+00],\n",
    "        [-8.57333386e-01,  3.84294432e-01,  3.42486868e-01,\n",
    "          3.22566620e+00],\n",
    "        [ 0.00000000e+00,  0.00000000e+00,  0.00000000e+00,\n",
    "          1.00000000e+00]],\n",
    "\n",
    "       [[-9.78672668e-02, -5.12807757e-01,  8.52906913e-01,\n",
    "         -3.96717230e-02],\n",
    "        [ 4.94329110e-01,  7.18772160e-01,  4.88881696e-01,\n",
    "         -2.04856113e+00],\n",
    "        [-8.63748070e-01,  4.69462231e-01,  1.83151535e-01,\n",
    "          3.24775098e+00],\n",
    "        [ 0.00000000e+00,  0.00000000e+00,  0.00000000e+00,\n",
    "          1.00000000e+00]],\n",
    "\n",
    "       [[-2.99587312e-01, -4.96385100e-01,  8.14769462e-01,\n",
    "         -3.44046507e-03],\n",
    "        [ 4.70110667e-01,  6.66320694e-01,  5.78802811e-01,\n",
    "         -2.05218209e+00],\n",
    "        [-8.30206844e-01,  5.56433793e-01,  3.37347047e-02,\n",
    "          3.25444804e+00],\n",
    "        [ 0.00000000e+00,  0.00000000e+00,  0.00000000e+00,\n",
    "          1.00000000e+00]],\n",
    "\n",
    "       [[-4.95267811e-01, -4.52951638e-01,  7.41312761e-01,\n",
    "          3.86382764e-02],\n",
    "        [ 4.16860263e-01,  6.24753695e-01,  6.60235066e-01,\n",
    "         -2.04389574e+00],\n",
    "        [-7.62192441e-01,  6.36017008e-01, -1.20602856e-01,\n",
    "          3.28097868e+00],\n",
    "        [ 0.00000000e+00,  0.00000000e+00,  0.00000000e+00,\n",
    "          1.00000000e+00]],\n",
    "\n",
    "       [[-6.58293919e-01, -3.99481651e-01,  6.38015303e-01,\n",
    "          6.90985636e-02],\n",
    "        [ 3.64118821e-01,  5.72830065e-01,  7.34359041e-01,\n",
    "         -2.04078875e+00],\n",
    "        [-6.58837309e-01,  7.15737471e-01, -2.31631760e-01,\n",
    "          3.25450699e+00],\n",
    "        [ 0.00000000e+00,  0.00000000e+00,  0.00000000e+00,\n",
    "          1.00000000e+00]],\n",
    "\n",
    "       [[-7.97655436e-01, -3.24689920e-01,  5.08254131e-01,\n",
    "          9.17311471e-02],\n",
    "        [ 2.89799578e-01,  5.32715687e-01,  7.95129047e-01,\n",
    "         -2.03154335e+00],\n",
    "        [-5.28925335e-01,  7.81530839e-01, -3.30828562e-01,\n",
    "          3.25039599e+00],\n",
    "        [ 0.00000000e+00,  0.00000000e+00,  0.00000000e+00,\n",
    "          1.00000000e+00]],\n",
    "\n",
    "       [[-9.05560653e-01, -2.29852166e-01,  3.56549976e-01,\n",
    "          1.00032311e-01],\n",
    "        [ 2.02992786e-01,  5.03232987e-01,  8.39970529e-01,\n",
    "         -2.02068107e+00],\n",
    "        [-3.72496755e-01,  8.33021334e-01, -4.09049661e-01,\n",
    "          3.24865278e+00],\n",
    "        [ 0.00000000e+00,  0.00000000e+00,  0.00000000e+00,\n",
    "          1.00000000e+00]],\n",
    "\n",
    "       [[-9.73658959e-01, -1.23893844e-01,  1.91411980e-01,\n",
    "          9.54826255e-02],\n",
    "        [ 1.07368915e-01,  4.91457588e-01,  8.64257690e-01,\n",
    "         -2.01300840e+00],\n",
    "        [-2.01147078e-01,  8.62043940e-01, -4.65209736e-01,\n",
    "          3.25847202e+00],\n",
    "        [ 0.00000000e+00,  0.00000000e+00,  0.00000000e+00,\n",
    "          1.00000000e+00]],\n",
    "\n",
    "       [[-9.99772639e-01, -1.66496425e-02,  1.33213985e-02,\n",
    "          9.98825694e-02],\n",
    "        [ 3.74171726e-03,  4.78061905e-01,  8.78318174e-01,\n",
    "         -1.99939715e+00],\n",
    "        [-2.09921368e-02,  8.78168323e-01, -4.77890914e-01,\n",
    "          3.22793171e+00],\n",
    "        [ 0.00000000e+00,  0.00000000e+00,  0.00000000e+00,\n",
    "          1.00000000e+00]],\n",
    "\n",
    "       [[-9.82684005e-01,  8.93818199e-02, -1.62305380e-01,\n",
    "          9.99364429e-02],\n",
    "        [-9.95506546e-02,  4.84103156e-01,  8.69329513e-01,\n",
    "         -1.99013878e+00],\n",
    "        [ 1.56274801e-01,  8.70433814e-01, -4.66822409e-01,\n",
    "          3.21604789e+00],\n",
    "        [ 0.00000000e+00,  0.00000000e+00,  0.00000000e+00,\n",
    "          1.00000000e+00]],\n",
    "\n",
    "       [[-9.22975051e-01,  1.93798340e-01, -3.32504523e-01,\n",
    "          9.20294723e-02],\n",
    "        [-1.96784245e-01,  5.04841187e-01,  8.40482800e-01,\n",
    "         -1.98342385e+00],\n",
    "        [ 3.30746150e-01,  8.41176307e-01, -4.27819361e-01,\n",
    "          3.21815156e+00],\n",
    "        [ 0.00000000e+00,  0.00000000e+00,  0.00000000e+00,\n",
    "          1.00000000e+00]],\n",
    "\n",
    "       [[-8.23874646e-01,  2.89086927e-01, -4.87503144e-01,\n",
    "          7.96358718e-02],\n",
    "        [-2.90804591e-01,  5.22675756e-01,  8.01400489e-01,\n",
    "         -1.96842066e+00],\n",
    "        [ 4.86480479e-01,  8.02021697e-01, -3.46551498e-01,\n",
    "          3.18549117e+00],\n",
    "        [ 0.00000000e+00,  0.00000000e+00,  0.00000000e+00,\n",
    "          1.00000000e+00]],\n",
    "\n",
    "       [[-6.86675026e-01,  3.74858449e-01, -6.22863189e-01,\n",
    "          6.10121802e-02],\n",
    "        [-3.70389825e-01,  5.56844184e-01,  7.43462125e-01,\n",
    "         -1.96016595e+00],\n",
    "        [ 6.25530803e-01,  7.41219062e-01, -2.43527239e-01,\n",
    "          3.17217392e+00],\n",
    "        [ 0.00000000e+00,  0.00000000e+00,  0.00000000e+00,\n",
    "          1.00000000e+00]],\n",
    "\n",
    "       [[-5.22964925e-01,  4.39912072e-01, -7.30058255e-01,\n",
    "          4.54591760e-02],\n",
    "        [-4.35772356e-01,  5.98123548e-01,  6.72570200e-01,\n",
    "         -1.95287580e+00],\n",
    "        [ 7.32536785e-01,  6.69869830e-01, -1.21096116e-01,\n",
    "          3.16077474e+00],\n",
    "        [ 0.00000000e+00,  0.00000000e+00,  0.00000000e+00,\n",
    "          1.00000000e+00]],\n",
    "\n",
    "       [[-3.33389486e-01,  4.91403483e-01, -8.04595593e-01,\n",
    "          1.79893621e-02],\n",
    "        [-4.80871888e-01,  6.45431971e-01,  5.93447384e-01,\n",
    "         -1.94939379e+00],\n",
    "        [ 8.10933831e-01,  5.84756520e-01,  2.11218879e-02,\n",
    "          3.15383202e+00],\n",
    "        [ 0.00000000e+00,  0.00000000e+00,  0.00000000e+00,\n",
    "          1.00000000e+00]],\n",
    "\n",
    "       [[-1.31982075e-01,  5.15642124e-01, -8.46577776e-01,\n",
    "          1.97114249e-03],\n",
    "        [-5.01968922e-01,  7.01678461e-01,  5.05642699e-01,\n",
    "         -1.95037753e+00],\n",
    "        [ 8.54756067e-01,  4.91691506e-01,  1.66227342e-01,\n",
    "          3.16138760e+00],\n",
    "        [ 0.00000000e+00,  0.00000000e+00,  0.00000000e+00,\n",
    "          1.00000000e+00]],\n",
    "\n",
    "       [[ 7.39539623e-02,  5.18252458e-01, -8.52024179e-01,\n",
    "         -1.69080274e-02],\n",
    "        [-5.01621957e-01,  7.57746583e-01,  4.17367378e-01,\n",
    "         -1.95253248e+00],\n",
    "        [ 8.61920080e-01,  3.96528065e-01,  3.16005174e-01,\n",
    "          3.16761257e+00],\n",
    "        [ 0.00000000e+00,  0.00000000e+00,  0.00000000e+00,\n",
    "          1.00000000e+00]]])\n",
    "\n",
    "perm = np.array([ 0,  1,  2,  3,  4,  5,  6,  7,  8,  9, 10, 11, 12, 13, 14, 15, 16,\n",
    "       17, 18, 19, 20, 21, 22, 23, 24, 25, 26, 27, 28, 29])"
   ]
  },
  {
   "cell_type": "code",
   "execution_count": 93,
   "metadata": {},
   "outputs": [
    {
     "data": {
      "text/plain": [
       "array([[[0.325, 0.476, -0.817, 0.025],\n",
       "        [-0.465, 0.833, 0.300, -1.922],\n",
       "        [0.824, 0.283, 0.492, 2.971],\n",
       "        [0.000, 0.000, 0.000, 1.000]],\n",
       "\n",
       "       [[0.510, 0.431, -0.745, 0.002],\n",
       "        [-0.424, 0.879, 0.218, -1.918],\n",
       "        [0.749, 0.205, 0.631, 2.969],\n",
       "        [0.000, 0.000, 0.000, 1.000]],\n",
       "\n",
       "       [[0.675, 0.369, -0.640, -0.027],\n",
       "        [-0.366, 0.919, 0.144, -1.917],\n",
       "        [0.641, 0.137, 0.755, 2.971],\n",
       "        [0.000, 0.000, 0.000, 1.000]],\n",
       "\n",
       "       [[0.812, 0.293, -0.505, -0.059],\n",
       "        [-0.291, 0.953, 0.085, -1.921],\n",
       "        [0.506, 0.078, 0.859, 2.981],\n",
       "        [0.000, 0.000, 0.000, 1.000]],\n",
       "\n",
       "       [[0.916, 0.198, -0.348, -0.077],\n",
       "        [-0.201, 0.979, 0.029, -1.923],\n",
       "        [0.347, 0.043, 0.937, 2.980],\n",
       "        [0.000, 0.000, 0.000, 1.000]],\n",
       "\n",
       "       [[0.979, 0.104, -0.174, -0.114],\n",
       "        [-0.104, 0.995, 0.013, -1.937],\n",
       "        [0.174, 0.005, 0.985, 3.020],\n",
       "        [0.000, 0.000, 0.000, 1.000]],\n",
       "\n",
       "       [[1.000, -0.001, 0.005, -0.130],\n",
       "        [0.001, 1.000, -0.001, -1.948],\n",
       "        [-0.005, 0.001, 1.000, 3.028],\n",
       "        [0.000, 0.000, 0.000, 1.000]],\n",
       "\n",
       "       [[0.978, -0.105, 0.182, -0.143],\n",
       "        [0.105, 0.994, 0.010, -1.963],\n",
       "        [-0.182, 0.009, 0.983, 3.050],\n",
       "        [0.000, 0.000, 0.000, 1.000]],\n",
       "\n",
       "       [[0.914, -0.204, 0.350, -0.151],\n",
       "        [0.204, 0.978, 0.035, -1.977],\n",
       "        [-0.350, 0.039, 0.936, 3.069],\n",
       "        [0.000, 0.000, 0.000, 1.000]],\n",
       "\n",
       "       [[0.812, -0.295, 0.503, -0.148],\n",
       "        [0.295, 0.952, 0.082, -1.992],\n",
       "        [-0.503, 0.081, 0.860, 3.105],\n",
       "        [0.000, 0.000, 0.000, 1.000]],\n",
       "\n",
       "       [[0.674, -0.380, 0.633, -0.124],\n",
       "        [0.371, 0.916, 0.154, -2.011],\n",
       "        [-0.639, 0.131, 0.758, 3.169],\n",
       "        [0.000, 0.000, 0.000, 1.000]],\n",
       "\n",
       "       [[0.505, -0.447, 0.739, -0.101],\n",
       "        [0.430, 0.872, 0.234, -2.026],\n",
       "        [-0.749, 0.199, 0.632, 3.211],\n",
       "        [0.000, 0.000, 0.000, 1.000]],\n",
       "\n",
       "       [[0.316, -0.488, 0.814, -0.090],\n",
       "        [0.475, 0.823, 0.310, -2.034],\n",
       "        [-0.821, 0.289, 0.492, 3.217],\n",
       "        [0.000, 0.000, 0.000, 1.000]],\n",
       "\n",
       "       [[0.112, -0.510, 0.853, -0.071],\n",
       "        [0.502, 0.770, 0.394, -2.043],\n",
       "        [-0.857, 0.384, 0.342, 3.226],\n",
       "        [0.000, 0.000, 0.000, 1.000]],\n",
       "\n",
       "       [[-0.098, -0.513, 0.853, -0.040],\n",
       "        [0.494, 0.719, 0.489, -2.049],\n",
       "        [-0.864, 0.469, 0.183, 3.248],\n",
       "        [0.000, 0.000, 0.000, 1.000]],\n",
       "\n",
       "       [[-0.300, -0.496, 0.815, -0.003],\n",
       "        [0.470, 0.666, 0.579, -2.052],\n",
       "        [-0.830, 0.556, 0.034, 3.254],\n",
       "        [0.000, 0.000, 0.000, 1.000]],\n",
       "\n",
       "       [[-0.495, -0.453, 0.741, 0.039],\n",
       "        [0.417, 0.625, 0.660, -2.044],\n",
       "        [-0.762, 0.636, -0.121, 3.281],\n",
       "        [0.000, 0.000, 0.000, 1.000]],\n",
       "\n",
       "       [[-0.658, -0.399, 0.638, 0.069],\n",
       "        [0.364, 0.573, 0.734, -2.041],\n",
       "        [-0.659, 0.716, -0.232, 3.255],\n",
       "        [0.000, 0.000, 0.000, 1.000]],\n",
       "\n",
       "       [[-0.798, -0.325, 0.508, 0.092],\n",
       "        [0.290, 0.533, 0.795, -2.032],\n",
       "        [-0.529, 0.782, -0.331, 3.250],\n",
       "        [0.000, 0.000, 0.000, 1.000]],\n",
       "\n",
       "       [[-0.906, -0.230, 0.357, 0.100],\n",
       "        [0.203, 0.503, 0.840, -2.021],\n",
       "        [-0.372, 0.833, -0.409, 3.249],\n",
       "        [0.000, 0.000, 0.000, 1.000]],\n",
       "\n",
       "       [[-0.974, -0.124, 0.191, 0.095],\n",
       "        [0.107, 0.491, 0.864, -2.013],\n",
       "        [-0.201, 0.862, -0.465, 3.258],\n",
       "        [0.000, 0.000, 0.000, 1.000]],\n",
       "\n",
       "       [[-1.000, -0.017, 0.013, 0.100],\n",
       "        [0.004, 0.478, 0.878, -1.999],\n",
       "        [-0.021, 0.878, -0.478, 3.228],\n",
       "        [0.000, 0.000, 0.000, 1.000]],\n",
       "\n",
       "       [[-0.983, 0.089, -0.162, 0.100],\n",
       "        [-0.100, 0.484, 0.869, -1.990],\n",
       "        [0.156, 0.870, -0.467, 3.216],\n",
       "        [0.000, 0.000, 0.000, 1.000]],\n",
       "\n",
       "       [[-0.923, 0.194, -0.333, 0.092],\n",
       "        [-0.197, 0.505, 0.840, -1.983],\n",
       "        [0.331, 0.841, -0.428, 3.218],\n",
       "        [0.000, 0.000, 0.000, 1.000]],\n",
       "\n",
       "       [[-0.824, 0.289, -0.488, 0.080],\n",
       "        [-0.291, 0.523, 0.801, -1.968],\n",
       "        [0.486, 0.802, -0.347, 3.185],\n",
       "        [0.000, 0.000, 0.000, 1.000]],\n",
       "\n",
       "       [[-0.687, 0.375, -0.623, 0.061],\n",
       "        [-0.370, 0.557, 0.743, -1.960],\n",
       "        [0.626, 0.741, -0.244, 3.172],\n",
       "        [0.000, 0.000, 0.000, 1.000]],\n",
       "\n",
       "       [[-0.523, 0.440, -0.730, 0.045],\n",
       "        [-0.436, 0.598, 0.673, -1.953],\n",
       "        [0.733, 0.670, -0.121, 3.161],\n",
       "        [0.000, 0.000, 0.000, 1.000]],\n",
       "\n",
       "       [[-0.333, 0.491, -0.805, 0.018],\n",
       "        [-0.481, 0.645, 0.593, -1.949],\n",
       "        [0.811, 0.585, 0.021, 3.154],\n",
       "        [0.000, 0.000, 0.000, 1.000]],\n",
       "\n",
       "       [[-0.132, 0.516, -0.847, 0.002],\n",
       "        [-0.502, 0.702, 0.506, -1.950],\n",
       "        [0.855, 0.492, 0.166, 3.161],\n",
       "        [0.000, 0.000, 0.000, 1.000]],\n",
       "\n",
       "       [[0.074, 0.518, -0.852, -0.017],\n",
       "        [-0.502, 0.758, 0.417, -1.953],\n",
       "        [0.862, 0.397, 0.316, 3.168],\n",
       "        [0.000, 0.000, 0.000, 1.000]]])"
      ]
     },
     "execution_count": 93,
     "metadata": {},
     "output_type": "execute_result"
    }
   ],
   "source": [
    "correct_w2cs = []\n",
    "for order in perm:\n",
    "    correct_w2cs.append(w2cs[order])\n",
    "w2cs = np.array(correct_w2cs)\n",
    "w2cs"
   ]
  },
  {
   "cell_type": "code",
   "execution_count": 94,
   "metadata": {},
   "outputs": [
    {
     "data": {
      "text/plain": [
       "array([[[0.325, -0.465, 0.824, -3.349],\n",
       "        [0.476, 0.833, 0.283, 0.749],\n",
       "        [-0.817, 0.300, 0.492, -0.863],\n",
       "        [0.000, 0.000, 0.000, 1.000]],\n",
       "\n",
       "       [[0.510, -0.424, 0.749, -3.037],\n",
       "        [0.431, 0.879, 0.205, 1.078],\n",
       "        [-0.745, 0.218, 0.631, -1.452],\n",
       "        [0.000, 0.000, 0.000, 1.000]],\n",
       "\n",
       "       [[0.675, -0.366, 0.641, -2.589],\n",
       "        [0.369, 0.919, 0.137, 1.364],\n",
       "        [-0.640, 0.144, 0.755, -1.985],\n",
       "        [0.000, 0.000, 0.000, 1.000]],\n",
       "\n",
       "       [[0.812, -0.291, 0.506, -2.019],\n",
       "        [0.293, 0.953, 0.078, 1.615],\n",
       "        [-0.505, 0.085, 0.859, -2.428],\n",
       "        [0.000, 0.000, 0.000, 1.000]],\n",
       "\n",
       "       [[0.916, -0.201, 0.347, -1.349],\n",
       "        [0.198, 0.979, 0.043, 1.770],\n",
       "        [-0.348, 0.029, 0.937, -2.762],\n",
       "        [0.000, 0.000, 0.000, 1.000]],\n",
       "\n",
       "       [[0.979, -0.104, 0.174, -0.616],\n",
       "        [0.104, 0.995, 0.005, 1.923],\n",
       "        [-0.174, 0.013, 0.985, -2.969],\n",
       "        [0.000, 0.000, 0.000, 1.000]],\n",
       "\n",
       "       [[1.000, 0.001, -0.005, 0.148],\n",
       "        [-0.001, 1.000, 0.001, 1.946],\n",
       "        [0.005, -0.001, 1.000, -3.029],\n",
       "        [0.000, 0.000, 0.000, 1.000]],\n",
       "\n",
       "       [[0.978, 0.105, -0.182, 0.902],\n",
       "        [-0.105, 0.994, 0.009, 1.910],\n",
       "        [0.182, 0.010, 0.983, -2.952],\n",
       "        [0.000, 0.000, 0.000, 1.000]],\n",
       "\n",
       "       [[0.914, 0.204, -0.350, 1.616],\n",
       "        [-0.204, 0.978, 0.039, 1.783],\n",
       "        [0.350, 0.035, 0.936, -2.749],\n",
       "        [0.000, 0.000, 0.000, 1.000]],\n",
       "\n",
       "       [[0.812, 0.295, -0.503, 2.269],\n",
       "        [-0.295, 0.952, 0.081, 1.600],\n",
       "        [0.503, 0.082, 0.860, -2.433],\n",
       "        [0.000, 0.000, 0.000, 1.000]],\n",
       "\n",
       "       [[0.674, 0.371, -0.639, 2.854],\n",
       "        [-0.380, 0.916, 0.131, 1.381],\n",
       "        [0.633, 0.154, 0.758, -2.014],\n",
       "        [0.000, 0.000, 0.000, 1.000]],\n",
       "\n",
       "       [[0.505, 0.430, -0.749, 3.325],\n",
       "        [-0.447, 0.872, 0.199, 1.082],\n",
       "        [0.739, 0.234, 0.632, -1.482],\n",
       "        [0.000, 0.000, 0.000, 1.000]],\n",
       "\n",
       "       [[0.316, 0.475, -0.821, 3.637],\n",
       "        [-0.488, 0.823, 0.289, 0.701],\n",
       "        [0.814, 0.310, 0.492, -0.880],\n",
       "        [0.000, 0.000, 0.000, 1.000]],\n",
       "\n",
       "       [[0.112, 0.502, -0.857, 3.800],\n",
       "        [-0.510, 0.770, 0.384, 0.296],\n",
       "        [0.853, 0.394, 0.342, -0.239],\n",
       "        [0.000, 0.000, 0.000, 1.000]],\n",
       "\n",
       "       [[-0.098, 0.494, -0.864, 3.814],\n",
       "        [-0.513, 0.719, 0.469, -0.073],\n",
       "        [0.853, 0.489, 0.183, 0.441],\n",
       "        [0.000, 0.000, 0.000, 1.000]],\n",
       "\n",
       "       [[-0.300, 0.470, -0.830, 3.666],\n",
       "        [-0.496, 0.666, 0.556, -0.445],\n",
       "        [0.815, 0.579, 0.034, 1.081],\n",
       "        [0.000, 0.000, 0.000, 1.000]],\n",
       "\n",
       "       [[-0.495, 0.417, -0.762, 3.372],\n",
       "        [-0.453, 0.625, 0.636, -0.792],\n",
       "        [0.741, 0.660, -0.121, 1.717],\n",
       "        [0.000, 0.000, 0.000, 1.000]],\n",
       "\n",
       "       [[-0.658, 0.364, -0.659, 2.933],\n",
       "        [-0.399, 0.573, 0.716, -1.133],\n",
       "        [0.638, 0.734, -0.232, 2.208],\n",
       "        [0.000, 0.000, 0.000, 1.000]],\n",
       "\n",
       "       [[-0.798, 0.290, -0.529, 2.381],\n",
       "        [-0.325, 0.533, 0.782, -1.428],\n",
       "        [0.508, 0.795, -0.331, 2.644],\n",
       "        [0.000, 0.000, 0.000, 1.000]],\n",
       "\n",
       "       [[-0.906, 0.203, -0.372, 1.711],\n",
       "        [-0.230, 0.503, 0.833, -1.666],\n",
       "        [0.357, 0.840, -0.409, 2.991],\n",
       "        [0.000, 0.000, 0.000, 1.000]],\n",
       "\n",
       "       [[-0.974, 0.107, -0.201, 0.965],\n",
       "        [-0.124, 0.491, 0.862, -1.808],\n",
       "        [0.191, 0.864, -0.465, 3.237],\n",
       "        [0.000, 0.000, 0.000, 1.000]],\n",
       "\n",
       "       [[-1.000, 0.004, -0.021, 0.175],\n",
       "        [-0.017, 0.478, 0.878, -1.877],\n",
       "        [0.013, 0.878, -0.478, 3.297],\n",
       "        [0.000, 0.000, 0.000, 1.000]],\n",
       "\n",
       "       [[-0.983, -0.100, 0.156, -0.603],\n",
       "        [0.089, 0.484, 0.870, -1.845],\n",
       "        [-0.162, 0.869, -0.467, 3.248],\n",
       "        [0.000, 0.000, 0.000, 1.000]],\n",
       "\n",
       "       [[-0.923, -0.197, 0.331, -1.370],\n",
       "        [0.194, 0.505, 0.841, -1.724],\n",
       "        [-0.333, 0.840, -0.428, 3.074],\n",
       "        [0.000, 0.000, 0.000, 1.000]],\n",
       "\n",
       "       [[-0.824, -0.291, 0.486, -2.056],\n",
       "        [0.289, 0.523, 0.802, -1.549],\n",
       "        [-0.488, 0.801, -0.347, 2.720],\n",
       "        [0.000, 0.000, 0.000, 1.000]],\n",
       "\n",
       "       [[-0.687, -0.370, 0.626, -2.668],\n",
       "        [0.375, 0.557, 0.741, -1.283],\n",
       "        [-0.623, 0.743, -0.244, 2.268],\n",
       "        [0.000, 0.000, 0.000, 1.000]],\n",
       "\n",
       "       [[-0.523, -0.436, 0.733, -3.143],\n",
       "        [0.440, 0.598, 0.670, -0.969],\n",
       "        [-0.730, 0.673, -0.121, 1.729],\n",
       "        [0.000, 0.000, 0.000, 1.000]],\n",
       "\n",
       "       [[-0.333, -0.481, 0.811, -3.489],\n",
       "        [0.491, 0.645, 0.585, -0.595],\n",
       "        [-0.805, 0.593, 0.021, 1.105],\n",
       "        [0.000, 0.000, 0.000, 1.000]],\n",
       "\n",
       "       [[-0.132, -0.502, 0.855, -3.681],\n",
       "        [0.516, 0.702, 0.492, -0.187],\n",
       "        [-0.847, 0.506, 0.166, 0.462],\n",
       "        [0.000, 0.000, 0.000, 1.000]],\n",
       "\n",
       "       [[0.074, -0.502, 0.862, -3.708],\n",
       "        [0.518, 0.758, 0.397, 0.232],\n",
       "        [-0.852, 0.417, 0.316, -0.200],\n",
       "        [0.000, 0.000, 0.000, 1.000]]])"
      ]
     },
     "execution_count": 94,
     "metadata": {},
     "output_type": "execute_result"
    }
   ],
   "source": [
    "c2ws = np.linalg.inv(w2cs)\n",
    "c2ws"
   ]
  },
  {
   "cell_type": "markdown",
   "metadata": {},
   "source": [
    "Then read pose from blender"
   ]
  },
  {
   "cell_type": "code",
   "execution_count": 95,
   "metadata": {},
   "outputs": [
    {
     "data": {
      "text/plain": [
       "array([[[-0.000, -0.500, 0.866, 0.866],\n",
       "        [1.000, -0.000, 0.000, 0.000],\n",
       "        [0.000, 0.866, 0.500, 0.500],\n",
       "        [0.000, 0.000, 0.000, 1.000]],\n",
       "\n",
       "       [[-0.208, -0.489, 0.847, 0.847],\n",
       "        [0.978, -0.104, 0.180, 0.180],\n",
       "        [-0.000, 0.866, 0.500, 0.500],\n",
       "        [0.000, 0.000, 0.000, 1.000]],\n",
       "\n",
       "       [[-0.407, -0.457, 0.791, 0.791],\n",
       "        [0.914, -0.203, 0.352, 0.352],\n",
       "        [0.000, 0.866, 0.500, 0.500],\n",
       "        [0.000, 0.000, 0.000, 1.000]],\n",
       "\n",
       "       [[-0.588, -0.405, 0.701, 0.701],\n",
       "        [0.809, -0.294, 0.509, 0.509],\n",
       "        [0.000, 0.866, 0.500, 0.500],\n",
       "        [0.000, 0.000, 0.000, 1.000]],\n",
       "\n",
       "       [[-0.743, -0.335, 0.579, 0.579],\n",
       "        [0.669, -0.372, 0.644, 0.644],\n",
       "        [0.000, 0.866, 0.500, 0.500],\n",
       "        [0.000, 0.000, 0.000, 1.000]],\n",
       "\n",
       "       [[-0.866, -0.250, 0.433, 0.433],\n",
       "        [0.500, -0.433, 0.750, 0.750],\n",
       "        [0.000, 0.866, 0.500, 0.500],\n",
       "        [0.000, 0.000, 0.000, 1.000]],\n",
       "\n",
       "       [[-0.951, -0.155, 0.268, 0.268],\n",
       "        [0.309, -0.476, 0.824, 0.824],\n",
       "        [0.000, 0.866, 0.500, 0.500],\n",
       "        [0.000, 0.000, 0.000, 1.000]],\n",
       "\n",
       "       [[-0.995, -0.052, 0.091, 0.091],\n",
       "        [0.105, -0.497, 0.861, 0.861],\n",
       "        [0.000, 0.866, 0.500, 0.500],\n",
       "        [0.000, 0.000, 0.000, 1.000]],\n",
       "\n",
       "       [[-0.995, 0.052, -0.091, -0.091],\n",
       "        [-0.105, -0.497, 0.861, 0.861],\n",
       "        [-0.000, 0.866, 0.500, 0.500],\n",
       "        [0.000, 0.000, 0.000, 1.000]],\n",
       "\n",
       "       [[-0.951, 0.155, -0.268, -0.268],\n",
       "        [-0.309, -0.476, 0.824, 0.824],\n",
       "        [-0.000, 0.866, 0.500, 0.500],\n",
       "        [0.000, 0.000, 0.000, 1.000]],\n",
       "\n",
       "       [[-0.866, 0.250, -0.433, -0.433],\n",
       "        [-0.500, -0.433, 0.750, 0.750],\n",
       "        [-0.000, 0.866, 0.500, 0.500],\n",
       "        [0.000, 0.000, 0.000, 1.000]],\n",
       "\n",
       "       [[-0.743, 0.335, -0.579, -0.579],\n",
       "        [-0.669, -0.372, 0.644, 0.644],\n",
       "        [-0.000, 0.866, 0.500, 0.500],\n",
       "        [0.000, 0.000, 0.000, 1.000]],\n",
       "\n",
       "       [[-0.588, 0.405, -0.701, -0.701],\n",
       "        [-0.809, -0.294, 0.509, 0.509],\n",
       "        [-0.000, 0.866, 0.500, 0.500],\n",
       "        [0.000, 0.000, 0.000, 1.000]],\n",
       "\n",
       "       [[-0.407, 0.457, -0.791, -0.791],\n",
       "        [-0.914, -0.203, 0.352, 0.352],\n",
       "        [-0.000, 0.866, 0.500, 0.500],\n",
       "        [0.000, 0.000, 0.000, 1.000]],\n",
       "\n",
       "       [[-0.208, 0.489, -0.847, -0.847],\n",
       "        [-0.978, -0.104, 0.180, 0.180],\n",
       "        [-0.000, 0.866, 0.500, 0.500],\n",
       "        [0.000, 0.000, 0.000, 1.000]],\n",
       "\n",
       "       [[-0.000, 0.500, -0.866, -0.866],\n",
       "        [-1.000, -0.000, -0.000, 0.000],\n",
       "        [0.000, 0.866, 0.500, 0.500],\n",
       "        [0.000, 0.000, 0.000, 1.000]],\n",
       "\n",
       "       [[0.208, 0.489, -0.847, -0.847],\n",
       "        [-0.978, 0.104, -0.180, -0.180],\n",
       "        [-0.000, 0.866, 0.500, 0.500],\n",
       "        [0.000, 0.000, 0.000, 1.000]],\n",
       "\n",
       "       [[0.407, 0.457, -0.791, -0.791],\n",
       "        [-0.914, 0.203, -0.352, -0.352],\n",
       "        [0.000, 0.866, 0.500, 0.500],\n",
       "        [0.000, 0.000, 0.000, 1.000]],\n",
       "\n",
       "       [[0.588, 0.405, -0.701, -0.701],\n",
       "        [-0.809, 0.294, -0.509, -0.509],\n",
       "        [-0.000, 0.866, 0.500, 0.500],\n",
       "        [0.000, 0.000, 0.000, 1.000]],\n",
       "\n",
       "       [[0.743, 0.335, -0.579, -0.579],\n",
       "        [-0.669, 0.372, -0.644, -0.644],\n",
       "        [-0.000, 0.866, 0.500, 0.500],\n",
       "        [0.000, 0.000, 0.000, 1.000]],\n",
       "\n",
       "       [[0.866, 0.250, -0.433, -0.433],\n",
       "        [-0.500, 0.433, -0.750, -0.750],\n",
       "        [-0.000, 0.866, 0.500, 0.500],\n",
       "        [0.000, 0.000, 0.000, 1.000]],\n",
       "\n",
       "       [[0.951, 0.155, -0.268, -0.268],\n",
       "        [-0.309, 0.476, -0.824, -0.824],\n",
       "        [-0.000, 0.866, 0.500, 0.500],\n",
       "        [0.000, 0.000, 0.000, 1.000]],\n",
       "\n",
       "       [[0.995, 0.052, -0.091, -0.091],\n",
       "        [-0.105, 0.497, -0.861, -0.861],\n",
       "        [0.000, 0.866, 0.500, 0.500],\n",
       "        [0.000, 0.000, 0.000, 1.000]],\n",
       "\n",
       "       [[0.995, -0.052, 0.091, 0.091],\n",
       "        [0.105, 0.497, -0.861, -0.861],\n",
       "        [0.000, 0.866, 0.500, 0.500],\n",
       "        [0.000, 0.000, 0.000, 1.000]],\n",
       "\n",
       "       [[0.951, -0.155, 0.268, 0.268],\n",
       "        [0.309, 0.476, -0.824, -0.824],\n",
       "        [0.000, 0.866, 0.500, 0.500],\n",
       "        [0.000, 0.000, 0.000, 1.000]],\n",
       "\n",
       "       [[0.866, -0.250, 0.433, 0.433],\n",
       "        [0.500, 0.433, -0.750, -0.750],\n",
       "        [0.000, 0.866, 0.500, 0.500],\n",
       "        [0.000, 0.000, 0.000, 1.000]],\n",
       "\n",
       "       [[0.743, -0.335, 0.579, 0.579],\n",
       "        [0.669, 0.372, -0.644, -0.644],\n",
       "        [-0.000, 0.866, 0.500, 0.500],\n",
       "        [0.000, 0.000, 0.000, 1.000]],\n",
       "\n",
       "       [[0.588, -0.405, 0.701, 0.701],\n",
       "        [0.809, 0.294, -0.509, -0.509],\n",
       "        [-0.000, 0.866, 0.500, 0.500],\n",
       "        [0.000, 0.000, 0.000, 1.000]],\n",
       "\n",
       "       [[0.407, -0.457, 0.791, 0.791],\n",
       "        [0.914, 0.203, -0.352, -0.352],\n",
       "        [0.000, 0.866, 0.500, 0.500],\n",
       "        [0.000, 0.000, 0.000, 1.000]],\n",
       "\n",
       "       [[0.208, -0.489, 0.847, 0.847],\n",
       "        [0.978, 0.104, -0.180, -0.180],\n",
       "        [0.000, 0.866, 0.500, 0.500],\n",
       "        [0.000, 0.000, 0.000, 1.000]]])"
      ]
     },
     "execution_count": 95,
     "metadata": {},
     "output_type": "execute_result"
    }
   ],
   "source": [
    "b_mats = []\n",
    "for i in range(len(w2cs)):\n",
    "    path = './../data/shapenet/blender_renderings/llff/poses/blender-{0:06d}.pose.txt'.format(i+1)\n",
    "    b_mats.append(np.loadtxt(path))\n",
    "b_mats = np.array(b_mats)\n",
    "b_mats"
   ]
  },
  {
   "cell_type": "code",
   "execution_count": 96,
   "metadata": {},
   "outputs": [
    {
     "name": "stdout",
     "output_type": "stream",
     "text": [
      "[0.005 0.504 0.289 0.814]\n"
     ]
    },
    {
     "data": {
      "text/plain": [
       "array([-18.752, 28.409, 68.342])"
      ]
     },
     "execution_count": 96,
     "metadata": {},
     "output_type": "execute_result"
    }
   ],
   "source": [
    "from scipy.spatial.transform import Rotation as R\n",
    "\n",
    "r = R.from_matrix(c2ws[0,:3,:3])\n",
    "print(r.as_quat()) # qx qy qz qw\n",
    "r.as_euler('xzy', degrees=True)"
   ]
  },
  {
   "cell_type": "code",
   "execution_count": 97,
   "metadata": {},
   "outputs": [
    {
     "name": "stdout",
     "output_type": "stream",
     "text": [
      "[0.004 0.430 0.246 0.869]\n"
     ]
    },
    {
     "data": {
      "text/plain": [
       "array([-13.103, 25.521, 55.622])"
      ]
     },
     "execution_count": 97,
     "metadata": {},
     "output_type": "execute_result"
    }
   ],
   "source": [
    "r = R.from_matrix(c2ws[1,:3,:3])\n",
    "print(r.as_quat()) # qx qy qz qw\n",
    "r.as_euler('xzy', degrees=True)"
   ]
  },
  {
   "cell_type": "code",
   "execution_count": null,
   "metadata": {},
   "outputs": [],
   "source": []
  },
  {
   "cell_type": "code",
   "execution_count": 98,
   "metadata": {},
   "outputs": [
    {
     "data": {
      "text/plain": [
       "array([[[-0.983, 0.101, -0.154, -0.805],\n",
       "        [-0.184, -0.470, 0.863, 4.271],\n",
       "        [0.014, 0.877, 0.481, -0.160],\n",
       "        [0.000, 0.000, 0.000, 1.000]],\n",
       "\n",
       "       [[-0.925, 0.200, -0.323, -1.647],\n",
       "        [-0.379, -0.444, 0.812, 4.023],\n",
       "        [0.019, 0.874, 0.486, -0.132],\n",
       "        [0.000, 0.000, 0.000, 1.000]],\n",
       "\n",
       "       [[-0.828, 0.292, -0.479, -2.431],\n",
       "        [-0.560, -0.399, 0.726, 3.602],\n",
       "        [0.021, 0.870, 0.493, -0.092],\n",
       "        [0.000, 0.000, 0.000, 1.000]],\n",
       "\n",
       "       [[-0.695, 0.370, -0.617, -3.124],\n",
       "        [-0.719, -0.334, 0.610, 3.023],\n",
       "        [0.019, 0.867, 0.498, -0.068],\n",
       "        [0.000, 0.000, 0.000, 1.000]],\n",
       "\n",
       "       [[-0.529, 0.443, -0.723, -3.666],\n",
       "        [-0.848, -0.254, 0.465, 2.304],\n",
       "        [0.022, 0.860, 0.510, -0.011],\n",
       "        [0.000, 0.000, 0.000, 1.000]],\n",
       "\n",
       "       [[-0.343, 0.479, -0.808, -4.091],\n",
       "        [-0.939, -0.161, 0.303, 1.490],\n",
       "        [0.015, 0.863, 0.505, -0.028],\n",
       "        [0.000, 0.000, 0.000, 1.000]],\n",
       "\n",
       "       [[-0.140, 0.509, -0.850, -4.296],\n",
       "        [-0.990, -0.060, 0.128, 0.608],\n",
       "        [0.014, 0.859, 0.512, 0.000],\n",
       "        [0.000, 0.000, 0.000, 1.000]],\n",
       "\n",
       "       [[0.066, 0.511, -0.857, -4.328],\n",
       "        [-0.998, 0.045, -0.050, -0.288],\n",
       "        [0.013, 0.858, 0.513, 0.004],\n",
       "        [0.000, 0.000, 0.000, 1.000]],\n",
       "\n",
       "       [[0.268, 0.496, -0.826, -4.169],\n",
       "        [-0.963, 0.148, -0.224, -1.164],\n",
       "        [0.011, 0.855, 0.518, 0.024],\n",
       "        [0.000, 0.000, 0.000, 1.000]],\n",
       "\n",
       "       [[0.459, 0.456, -0.762, -3.854],\n",
       "        [-0.888, 0.245, -0.388, -1.991],\n",
       "        [0.010, 0.855, 0.518, 0.031],\n",
       "        [0.000, 0.000, 0.000, 1.000]],\n",
       "\n",
       "       [[0.633, 0.388, -0.670, -3.402],\n",
       "        [-0.774, 0.332, -0.539, -2.755],\n",
       "        [0.013, 0.860, 0.510, 0.012],\n",
       "        [0.000, 0.000, 0.000, 1.000]],\n",
       "\n",
       "       [[0.781, 0.307, -0.544, -2.770],\n",
       "        [-0.625, 0.403, -0.669, -3.411],\n",
       "        [0.014, 0.862, 0.507, 0.003],\n",
       "        [0.000, 0.000, 0.000, 1.000]],\n",
       "\n",
       "       [[0.893, 0.224, -0.390, -1.990],\n",
       "        [-0.450, 0.462, -0.764, -3.898],\n",
       "        [0.009, 0.858, 0.513, 0.033],\n",
       "        [0.000, 0.000, 0.000, 1.000]],\n",
       "\n",
       "       [[0.967, 0.129, -0.220, -1.132],\n",
       "        [-0.255, 0.503, -0.826, -4.218],\n",
       "        [0.004, 0.855, 0.519, 0.060],\n",
       "        [0.000, 0.000, 0.000, 1.000]],\n",
       "\n",
       "       [[0.999, 0.022, -0.042, -0.231],\n",
       "        [-0.047, 0.511, -0.859, -4.367],\n",
       "        [0.003, 0.860, 0.511, 0.024],\n",
       "        [0.000, 0.000, 0.000, 1.000]],\n",
       "\n",
       "       [[0.987, -0.085, 0.134, 0.661],\n",
       "        [0.158, 0.502, -0.850, -4.321],\n",
       "        [0.005, 0.861, 0.509, 0.013],\n",
